
#GA RELOADED 2.0.1A RELOADED GRAPH OPENED Time: 17:53:54 Date: 02/08/20 AvgPerTick.txt#
#GENETICAL ALGORITHM STANDART FUNCTION#
(1, 53)
(2, 54)
(3, 56)
(4, 58)
(5, 60)
(6, 61)
(7, 62)
(8, 63)
(9, 65)
(10, 65)
(11, 67)
(12, 68)
(13, 69)
(14, 70)
(15, 70)
(16, 71)
(17, 71)
(18, 72)
(19, 73)
(20, 74)
(21, 74)
(22, 74)
(23, 75)
(24, 75)
(25, 75)
(26, 75)
(27, 76)
(28, 77)
(29, 77)
(30, 77)
(31, 77)
(32, 77)
(33, 77)
(34, 78)
(35, 77)
(36, 78)
(37, 78)
(38, 78)
(39, 78)
(40, 78)
(41, 78)
(42, 78)
(43, 78)
(44, 78)
(45, 79)
(46, 79)
(47, 79)
(48, 79)
(49, 79)
(50, 79)
(51, 78)
(52, 79)
(53, 79)
(54, 79)
(55, 79)
(56, 79)
(57, 79)
(58, 79)
(59, 79)
(60, 78)
(61, 78)
(62, 78)
(63, 78)
(64, 78)
(65, 78)
(66, 78)
(67, 79)
(68, 79)
(69, 79)
(70, 79)
(71, 79)
(72, 79)
(73, 79)
(74, 79)
(75, 79)
(76, 79)
(77, 79)
(78, 79)
(79, 79)
(80, 79)
(81, 79)
(82, 79)
(83, 79)
(84, 79)
(85, 79)
(86, 78)
(87, 78)
(88, 78)
(89, 78)
(90, 78)
(91, 78)
(92, 78)
(93, 78)
(94, 78)
(95, 78)
(96, 78)
(97, 78)
(98, 78)
(99, 78)
(100, 78)
(101, 78)
(102, 78)
(103, 78)
(104, 78)
(105, 78)
(106, 78)
(107, 78)
(108, 78)
(109, 78)
(110, 78)
(111, 78)
(112, 78)
(113, 78)
(114, 78)
(115, 79)
(116, 79)
(117, 78)
(118, 78)
(119, 78)
(120, 78)
(121, 78)
(122, 78)
(123, 78)
(124, 78)
(125, 78)
(126, 78)
(127, 79)
(128, 79)
(129, 78)
(130, 79)
(131, 78)
(132, 78)
(133, 78)
(134, 78)
(135, 78)
(136, 78)
(137, 78)
(138, 78)
(139, 78)
(140, 78)
(141, 78)
(142, 77)
(143, 77)
(144, 77)
(145, 78)
(146, 78)
(147, 78)
(148, 78)
(149, 78)
(150, 78)
(151, 78)
(152, 78)
(153, 78)
(154, 78)
(155, 77)
(156, 77)
(157, 77)
(158, 77)
(159, 77)
(160, 77)
(161, 77)
(162, 77)
(163, 77)
(164, 77)
(165, 78)
(166, 78)
(167, 79)
(168, 79)
(169, 79)
(170, 79)
(171, 79)
(172, 80)
(173, 80)
(174, 80)
(175, 80)
(176, 80)
(177, 80)
(178, 80)
(179, 80)
(180, 80)
(181, 80)
(182, 80)
(183, 80)
(184, 80)
(185, 80)
(186, 80)
(187, 80)
(188, 80)
(189, 80)
(190, 80)
(191, 80)
(192, 79)
(193, 79)
(194, 79)
(195, 79)
(196, 79)
(197, 79)
(198, 78)
(199, 78)
(200, 78)
(201, 78)
(202, 78)
(203, 78)
(204, 78)
(205, 78)
(206, 78)
(207, 78)
(208, 78)
(209, 78)
(210, 78)
(211, 79)
(212, 79)
(213, 79)
(214, 80)
(215, 79)
(216, 80)
(217, 80)
(218, 80)
(219, 80)
(220, 80)
(221, 80)
(222, 79)
(223, 79)
(224, 79)
(225, 79)
(226, 79)
(227, 79)
(228, 79)
(229, 79)
(230, 80)
(231, 80)
(232, 80)
(233, 79)
(234, 79)
(235, 79)
(236, 79)
(237, 79)
(238, 79)
(239, 79)
(240, 79)
(241, 79)
(242, 79)
(243, 80)
(244, 79)
(245, 80)
(246, 80)
(247, 80)
(248, 80)
(249, 80)
(250, 80)
(251, 80)
(252, 80)
(253, 80)
(254, 80)
(255, 80)
(256, 79)
(257, 79)
(258, 79)
(259, 79)
(260, 79)
(261, 80)
(262, 80)
(263, 79)
(264, 79)
(265, 79)
(266, 79)
(267, 79)
(268, 79)
(269, 79)
(270, 79)
(271, 79)
(272, 79)
(273, 79)
(274, 79)
(275, 79)
(276, 79)
(277, 79)
(278, 79)
(279, 78)
(280, 79)
(281, 78)
(282, 79)
(283, 79)
(284, 79)
(285, 78)
(286, 79)
(287, 79)
(288, 79)
(289, 79)
(290, 79)
(291, 79)
(292, 79)
(293, 79)
(294, 78)
(295, 78)
(296, 78)
(297, 78)
(298, 79)
(299, 79)
(300, 78)
(301, 78)
(302, 78)
(303, 78)
(304, 78)
(305, 78)
(306, 79)
(307, 79)
(308, 79)
(309, 79)
(310, 80)
(311, 79)
(312, 80)
(313, 80)
(314, 80)
(315, 80)
(316, 80)
(317, 79)
(318, 79)
(319, 79)
(320, 79)
(321, 79)
(322, 79)
(323, 78)
(324, 78)
(325, 78)
(326, 78)
(327, 79)
(328, 79)
(329, 79)
(330, 79)
(331, 79)
(332, 79)
(333, 79)
(334, 79)
(335, 79)
(336, 79)
(337, 78)
(338, 78)
(339, 78)
(340, 78)
(341, 78)
(342, 78)
(343, 78)
(344, 78)
(345, 78)
(346, 78)
(347, 78)
(348, 78)
(349, 78)
(350, 78)
(351, 78)
(352, 78)
(353, 78)
(354, 78)
(355, 79)
(356, 78)
(357, 78)
(358, 78)
(359, 78)
(360, 78)
(361, 78)
(362, 78)
(363, 79)
(364, 78)
(365, 79)
(366, 79)
(367, 79)
(368, 79)
(369, 79)
(370, 80)
(371, 80)
(372, 80)
(373, 79)
(374, 79)
(375, 79)
(376, 79)
(377, 79)
(378, 79)
(379, 79)
(380, 79)
(381, 79)
(382, 79)
(383, 79)
(384, 79)
(385, 80)
(386, 80)
(387, 80)
(388, 80)
(389, 80)
(390, 79)
(391, 79)
(392, 79)
(393, 78)
(394, 79)
(395, 79)
(396, 79)
(397, 79)
(398, 79)
(399, 80)
(400, 79)
(401, 79)
(402, 79)
(403, 79)
(404, 79)
(405, 79)
(406, 80)
(407, 79)
(408, 79)
(409, 79)
(410, 78)
(411, 79)
(412, 79)
(413, 79)
(414, 79)
(415, 79)
(416, 79)
(417, 79)
(418, 79)
(419, 78)
(420, 78)
(421, 78)
(422, 78)
(423, 78)
(424, 78)
(425, 78)
(426, 78)
(427, 78)
(428, 78)
(429, 79)
(430, 79)
(431, 79)
(432, 79)
(433, 79)
(434, 78)
(435, 78)
(436, 78)
(437, 79)
(438, 79)
(439, 78)
(440, 79)
(441, 78)
(442, 78)
(443, 78)
(444, 79)
(445, 79)
(446, 79)
(447, 79)
(448, 79)
(449, 79)
(450, 79)
(451, 79)
(452, 79)
(453, 79)
(454, 79)
(455, 80)
(456, 79)
(457, 79)
(458, 79)
(459, 80)
(460, 80)
(461, 80)
(462, 80)
(463, 80)
(464, 79)
(465, 79)
(466, 79)
(467, 79)
(468, 79)
(469, 79)
(470, 78)
(471, 78)
(472, 78)
(473, 79)
(474, 78)
(475, 78)
(476, 78)
(477, 78)
(478, 77)
(479, 77)
(480, 78)
(481, 78)
(482, 78)
(483, 78)
(484, 79)
(485, 78)
(486, 79)
(487, 79)
(488, 79)
(489, 79)
(490, 79)
(491, 79)
(492, 79)
(493, 79)
(494, 79)
(495, 79)
(496, 79)
(497, 79)
(498, 79)
(499, 79)
(500, 78)
(501, 78)
(502, 78)
(503, 78)
(504, 78)
(505, 78)
(506, 78)
(507, 78)
(508, 78)
(509, 77)
(510, 78)
(511, 78)
(512, 78)
(513, 78)
(514, 78)
(515, 78)
(516, 78)
(517, 78)
(518, 78)
(519, 78)
(520, 78)
(521, 78)
(522, 78)
(523, 78)
(524, 78)
(525, 78)
(526, 79)
(527, 79)
(528, 79)
(529, 79)
(530, 80)
(531, 80)
(532, 80)
(533, 80)
(534, 80)
(535, 80)
(536, 80)
(537, 80)
(538, 80)
(539, 80)
(540, 79)
(541, 79)
(542, 79)
(543, 79)
(544, 78)
(545, 78)
(546, 78)
(547, 79)
(548, 79)
(549, 78)
(550, 78)
(551, 79)
(552, 79)
(553, 79)
(554, 78)
(555, 79)
(556, 79)
(557, 79)
(558, 79)
(559, 79)
(560, 79)
(561, 79)
(562, 79)
(563, 79)
(564, 79)
(565, 79)
(566, 79)
(567, 79)
(568, 79)
(569, 79)
(570, 79)
(571, 80)
(572, 80)
(573, 80)
(574, 80)
(575, 80)
(576, 80)
(577, 80)
(578, 80)
(579, 80)
(580, 80)
(581, 80)
(582, 80)
(583, 79)
(584, 79)
(585, 79)
(586, 79)
(587, 79)
(588, 79)
(589, 79)
(590, 78)
(591, 78)
(592, 78)
(593, 78)
(594, 78)
(595, 78)
(596, 78)
(597, 78)
(598, 78)
(599, 78)
(600, 78)
(601, 78)
(602, 77)
(603, 78)
(604, 78)
(605, 78)
(606, 79)
(607, 79)
(608, 79)
(609, 79)
(610, 79)
(611, 79)
(612, 79)
(613, 79)
(614, 79)
(615, 80)
(616, 79)
(617, 79)
(618, 79)
(619, 79)
(620, 80)
(621, 80)
(622, 80)
(623, 80)
(624, 80)
(625, 80)
(626, 80)
(627, 80)
(628, 81)
(629, 81)
(630, 80)
(631, 80)
(632, 80)
(633, 80)
(634, 79)
(635, 79)
(636, 79)
(637, 79)
(638, 79)
(639, 79)
(640, 79)
(641, 79)
(642, 78)
(643, 79)
(644, 79)
(645, 79)
(646, 79)
(647, 79)
(648, 79)
(649, 79)
(650, 78)
(651, 78)
(652, 78)
(653, 78)
(654, 78)
(655, 78)
(656, 78)
(657, 78)
(658, 78)
(659, 78)
(660, 78)
(661, 78)
(662, 78)
(663, 78)
(664, 78)
(665, 78)
(666, 78)
(667, 78)
(668, 78)
(669, 78)
(670, 79)
(671, 79)
(672, 78)
(673, 78)
(674, 78)
(675, 79)
(676, 78)
(677, 78)
(678, 78)
(679, 78)
(680, 78)
(681, 78)
(682, 78)
(683, 78)
(684, 78)
(685, 77)
(686, 78)
(687, 78)
(688, 78)
(689, 78)
(690, 78)
(691, 78)
(692, 78)
(693, 78)
(694, 78)
(695, 78)
(696, 78)
(697, 78)
(698, 78)
(699, 78)
(700, 78)
(701, 78)
(702, 78)
(703, 78)
(704, 78)
(705, 78)
(706, 79)
(707, 78)
(708, 79)
(709, 78)
(710, 79)
(711, 78)
(712, 78)
(713, 78)
(714, 78)
(715, 78)
(716, 78)
(717, 78)
(718, 77)
(719, 78)
(720, 78)
(721, 78)
(722, 78)
(723, 79)
(724, 79)
(725, 79)
(726, 79)
(727, 80)
(728, 80)
(729, 80)
(730, 79)
(731, 79)
(732, 79)
(733, 79)
(734, 79)
(735, 79)
(736, 79)
(737, 79)
(738, 79)
(739, 79)
(740, 79)
(741, 78)
(742, 78)
(743, 78)
(744, 78)
(745, 78)
(746, 79)
(747, 79)
(748, 79)
(749, 79)
(750, 79)
(751, 79)
(752, 78)
(753, 79)
(754, 79)
(755, 79)
(756, 79)
(757, 79)
(758, 78)
(759, 79)
(760, 79)
(761, 79)
(762, 79)
(763, 79)
(764, 78)
(765, 78)
(766, 78)
(767, 78)
(768, 78)
(769, 78)
(770, 78)
(771, 79)
(772, 79)
(773, 79)
(774, 79)
(775, 79)
(776, 79)
(777, 78)
(778, 78)
(779, 78)
(780, 78)
(781, 78)
(782, 78)
(783, 78)
(784, 78)
(785, 77)
(786, 78)
(787, 78)
(788, 78)
(789, 78)
(790, 78)
(791, 78)
(792, 78)
(793, 78)
(794, 78)
(795, 78)
(796, 78)
(797, 78)
(798, 78)
(799, 78)
(800, 78)
(801, 78)
(802, 78)
(803, 78)
(804, 78)
(805, 78)
(806, 78)
(807, 78)
(808, 78)
(809, 78)
(810, 78)
(811, 78)
(812, 78)
(813, 78)
(814, 78)
(815, 79)
(816, 79)
(817, 79)
(818, 79)
(819, 80)
(820, 79)
(821, 79)
(822, 79)
(823, 80)
(824, 80)
(825, 80)
(826, 80)
(827, 80)
(828, 80)
(829, 80)
(830, 80)
(831, 80)
(832, 80)
(833, 80)
(834, 80)
(835, 80)
(836, 80)
(837, 80)
(838, 80)
(839, 80)
(840, 80)
(841, 80)
(842, 80)
(843, 80)
(844, 80)
(845, 80)
(846, 80)
(847, 80)
(848, 80)
(849, 80)
(850, 80)
(851, 80)
(852, 80)
(853, 80)
(854, 79)
(855, 79)
(856, 79)
(857, 79)
(858, 79)
(859, 79)
(860, 78)
(861, 78)
(862, 79)
(863, 79)
(864, 79)
(865, 79)
(866, 79)
(867, 79)
(868, 79)
(869, 79)
(870, 79)
(871, 79)
(872, 79)
(873, 79)
(874, 79)
(875, 79)
(876, 79)
(877, 79)
(878, 79)
(879, 79)
(880, 79)
(881, 79)
(882, 79)
(883, 79)
(884, 79)
(885, 79)
(886, 79)
(887, 79)
(888, 79)
(889, 78)
(890, 78)
(891, 78)
(892, 78)
(893, 78)
(894, 77)
(895, 78)
(896, 78)
(897, 78)
(898, 78)
(899, 78)
(900, 77)
(901, 78)
(902, 78)
(903, 78)
(904, 78)
(905, 78)
(906, 78)
(907, 78)
(908, 78)
(909, 78)
(910, 78)
(911, 78)
(912, 78)
(913, 78)
(914, 78)
(915, 77)
(916, 77)
(917, 78)
(918, 78)
(919, 78)
(920, 78)
(921, 78)
(922, 78)
(923, 78)
(924, 78)
(925, 78)
(926, 78)
(927, 78)
(928, 79)
(929, 78)
(930, 78)
(931, 78)
(932, 78)
(933, 78)
(934, 78)
(935, 78)
(936, 78)
(937, 78)
(938, 78)
(939, 78)
(940, 78)
(941, 77)
(942, 77)
(943, 77)
(944, 78)
(945, 78)
(946, 79)
(947, 79)
(948, 79)
(949, 79)
(950, 79)
(951, 79)
(952, 78)
(953, 78)
(954, 78)
(955, 78)
(956, 78)
(957, 79)
(958, 78)
(959, 78)
(960, 78)
(961, 78)
(962, 78)
(963, 78)
(964, 79)
(965, 78)
(966, 79)
(967, 78)
(968, 78)
(969, 78)
(970, 77)
(971, 77)
(972, 77)
(973, 77)
(974, 77)
(975, 77)
(976, 77)
(977, 78)
(978, 77)
(979, 77)
(980, 77)
(981, 78)
(982, 77)
(983, 77)
(984, 77)
(985, 78)
(986, 77)
(987, 77)
(988, 77)
(989, 77)
(990, 78)
(991, 78)
(992, 79)
(993, 79)
(994, 79)
(995, 79)
(996, 78)
(997, 78)
(998, 79)
(999, 78)
(1000, 79)
(1001, 78)
(1002, 78)
(1003, 78)
(1004, 78)
(1005, 79)
(1006, 79)
(1007, 78)
(1008, 78)
(1009, 78)
(1010, 78)
(1011, 79)
(1012, 79)
(1013, 79)
(1014, 79)
(1015, 79)
(1016, 79)
(1017, 79)
(1018, 79)
(1019, 79)
(1020, 79)
(1021, 79)
(1022, 79)
(1023, 79)
(1024, 79)
(1025, 79)
(1026, 79)
(1027, 79)
(1028, 79)
(1029, 80)
(1030, 80)
(1031, 79)
(1032, 79)
(1033, 79)
(1034, 79)
(1035, 78)
(1036, 79)
(1037, 79)
(1038, 78)
(1039, 79)
(1040, 79)
(1041, 79)
(1042, 79)
(1043, 79)
(1044, 79)
(1045, 79)
(1046, 79)
(1047, 80)
(1048, 80)
(1049, 80)
(1050, 80)
(1051, 79)
(1052, 79)
(1053, 79)
(1054, 79)
(1055, 79)
(1056, 79)
(1057, 79)
(1058, 79)
(1059, 80)
(1060, 80)
(1061, 80)
(1062, 80)
(1063, 80)
(1064, 80)
(1065, 80)
(1066, 79)
(1067, 79)
(1068, 79)
(1069, 78)
(1070, 79)
(1071, 79)
(1072, 79)
(1073, 79)
(1074, 79)
(1075, 79)
(1076, 79)
(1077, 79)
(1078, 78)
(1079, 79)
(1080, 79)
(1081, 79)
(1082, 79)
(1083, 78)
(1084, 78)
(1085, 78)
(1086, 77)
(1087, 77)
(1088, 77)
(1089, 78)
(1090, 78)
(1091, 79)
(1092, 79)
(1093, 80)
(1094, 80)
(1095, 80)
(1096, 80)
(1097, 80)
(1098, 80)
(1099, 80)
(1100, 80)
(1101, 79)
(1102, 80)
(1103, 80)
(1104, 79)
(1105, 79)
(1106, 79)
(1107, 80)
(1108, 80)
(1109, 80)
(1110, 80)
(1111, 80)
(1112, 80)
(1113, 79)
(1114, 79)
(1115, 79)
(1116, 79)
(1117, 79)
(1118, 79)
(1119, 78)
(1120, 78)
(1121, 78)
(1122, 78)
(1123, 79)
(1124, 79)
(1125, 79)
(1126, 78)
(1127, 79)
(1128, 79)
(1129, 79)
(1130, 79)
(1131, 79)
(1132, 79)
(1133, 79)
(1134, 79)
(1135, 79)
(1136, 79)
(1137, 79)
(1138, 79)
(1139, 79)
(1140, 79)
(1141, 78)
(1142, 78)
(1143, 78)
(1144, 78)
(1145, 78)
(1146, 78)
(1147, 78)
(1148, 78)
(1149, 78)
(1150, 78)
(1151, 79)
(1152, 79)
(1153, 79)
(1154, 79)
(1155, 78)
(1156, 78)
(1157, 78)
(1158, 78)
(1159, 78)
(1160, 78)
(1161, 78)
(1162, 78)
(1163, 79)
(1164, 79)
(1165, 79)
(1166, 79)
(1167, 79)
(1168, 80)
(1169, 80)
(1170, 80)
(1171, 80)
(1172, 80)
(1173, 80)
(1174, 80)
(1175, 80)
(1176, 79)
(1177, 80)
(1178, 80)
(1179, 79)
(1180, 79)
(1181, 80)
(1182, 79)
(1183, 79)
(1184, 79)
(1185, 79)
(1186, 79)
(1187, 78)
(1188, 78)
(1189, 78)
(1190, 78)
(1191, 78)
(1192, 78)
(1193, 77)
(1194, 77)
(1195, 77)
(1196, 77)
(1197, 77)
(1198, 77)
(1199, 76)
(1200, 77)
(1201, 76)
(1202, 76)
(1203, 76)
(1204, 76)
(1205, 76)
(1206, 76)
(1207, 76)
(1208, 76)
(1209, 76)
(1210, 76)
(1211, 76)
(1212, 76)
(1213, 76)
(1214, 76)
(1215, 76)
(1216, 76)
(1217, 77)
(1218, 77)
(1219, 76)
(1220, 77)
(1221, 77)
(1222, 77)
(1223, 77)
(1224, 77)
(1225, 78)
(1226, 78)
(1227, 78)
(1228, 78)
(1229, 79)
(1230, 79)
(1231, 79)
(1232, 79)
(1233, 79)
(1234, 79)
(1235, 79)
(1236, 79)
(1237, 79)
(1238, 79)
(1239, 79)
(1240, 79)
(1241, 79)
(1242, 79)
(1243, 80)
(1244, 79)
(1245, 79)
(1246, 79)
(1247, 80)
(1248, 80)
(1249, 81)
(1250, 81)
(1251, 81)
(1252, 80)
(1253, 80)
(1254, 80)
(1255, 80)
(1256, 79)
(1257, 79)
(1258, 79)
(1259, 79)
(1260, 79)
(1261, 79)
(1262, 79)
(1263, 79)
(1264, 79)
(1265, 80)
(1266, 80)
(1267, 80)
(1268, 80)
(1269, 80)
(1270, 80)
(1271, 79)
(1272, 79)
(1273, 79)
(1274, 79)
(1275, 79)
(1276, 79)
(1277, 79)
(1278, 79)
(1279, 79)
(1280, 79)
(1281, 79)
(1282, 78)
(1283, 78)
(1284, 79)
(1285, 78)
(1286, 79)
(1287, 79)
(1288, 79)
(1289, 79)
(1290, 79)
(1291, 79)
(1292, 79)
(1293, 79)
(1294, 80)
(1295, 80)
(1296, 80)
(1297, 80)
(1298, 79)
(1299, 79)
(1300, 79)
(1301, 79)
(1302, 79)
(1303, 79)
(1304, 79)
(1305, 79)
(1306, 79)
(1307, 79)
(1308, 79)
(1309, 79)
(1310, 79)
(1311, 80)
(1312, 80)
(1313, 79)
(1314, 79)
(1315, 79)
(1316, 79)
(1317, 79)
(1318, 79)
(1319, 79)
(1320, 79)
(1321, 79)
(1322, 78)
(1323, 79)
(1324, 78)
(1325, 78)
(1326, 78)
(1327, 78)
(1328, 78)
(1329, 78)
(1330, 79)
(1331, 78)
(1332, 78)
(1333, 79)
(1334, 79)
(1335, 79)
(1336, 79)
(1337, 79)
(1338, 79)
(1339, 79)
(1340, 78)
(1341, 79)
(1342, 79)
(1343, 79)
(1344, 79)
(1345, 78)
(1346, 79)
(1347, 79)
(1348, 79)
(1349, 78)
(1350, 78)
(1351, 78)
(1352, 78)
(1353, 78)
(1354, 78)
(1355, 78)
(1356, 78)
(1357, 78)
(1358, 78)
(1359, 78)
(1360, 79)
(1361, 79)
(1362, 78)
(1363, 78)
(1364, 79)
(1365, 79)
(1366, 80)
(1367, 80)
(1368, 80)
(1369, 80)
(1370, 80)
(1371, 80)
(1372, 80)
(1373, 79)
(1374, 79)
(1375, 79)
(1376, 79)
(1377, 80)
(1378, 79)
(1379, 79)
(1380, 79)
(1381, 79)
(1382, 79)
(1383, 79)
(1384, 78)
(1385, 79)
(1386, 79)
(1387, 79)
(1388, 79)
(1389, 79)
(1390, 79)
(1391, 79)
(1392, 79)
(1393, 79)
(1394, 79)
(1395, 79)
(1396, 79)
(1397, 79)
(1398, 79)
(1399, 80)
(1400, 80)
(1401, 80)
(1402, 80)
(1403, 80)
(1404, 79)
(1405, 80)
(1406, 79)
(1407, 79)
(1408, 79)
(1409, 79)
(1410, 79)
(1411, 79)
(1412, 79)
(1413, 79)
(1414, 78)
(1415, 78)
(1416, 78)
(1417, 78)
(1418, 78)
(1419, 78)
(1420, 78)
(1421, 79)
(1422, 79)
(1423, 79)
(1424, 79)
(1425, 78)
(1426, 78)
(1427, 78)
(1428, 79)
(1429, 78)
(1430, 78)
(1431, 78)
(1432, 78)
(1433, 78)
(1434, 78)
(1435, 78)
(1436, 78)
(1437, 78)
(1438, 78)
(1439, 77)
(1440, 77)
(1441, 77)
(1442, 77)
(1443, 78)
(1444, 78)
(1445, 77)
(1446, 77)
(1447, 78)
(1448, 78)
(1449, 78)
(1450, 77)
(1451, 77)
(1452, 78)
(1453, 78)
(1454, 79)
(1455, 78)
(1456, 78)
(1457, 79)
(1458, 78)
(1459, 78)
(1460, 78)
(1461, 78)
(1462, 79)
(1463, 79)
(1464, 79)
(1465, 79)
(1466, 80)
(1467, 79)
(1468, 79)
(1469, 79)
(1470, 79)
(1471, 79)
(1472, 78)
(1473, 78)
(1474, 78)
(1475, 79)
(1476, 79)
(1477, 79)
(1478, 79)
(1479, 79)
(1480, 78)
(1481, 79)
(1482, 79)
(1483, 79)
(1484, 78)
(1485, 78)
(1486, 78)
(1487, 79)
(1488, 78)
(1489, 78)
(1490, 79)
(1491, 79)
(1492, 79)
(1493, 79)
(1494, 79)
(1495, 78)
(1496, 78)
(1497, 78)
(1498, 78)
(1499, 78)
(1500, 78)
(1501, 78)
(1502, 78)
(1503, 78)
(1504, 78)
(1505, 78)
(1506, 78)
(1507, 79)
(1508, 78)
(1509, 78)
(1510, 78)
(1511, 78)
(1512, 78)
(1513, 78)
(1514, 78)
(1515, 78)
(1516, 78)
(1517, 78)
(1518, 78)
(1519, 78)
(1520, 78)
(1521, 78)
(1522, 78)
(1523, 78)
(1524, 78)
(1525, 78)
(1526, 78)
(1527, 78)
(1528, 78)
(1529, 79)
(1530, 79)
(1531, 79)
(1532, 78)
(1533, 78)
(1534, 79)
(1535, 79)
(1536, 79)
(1537, 79)
(1538, 78)
(1539, 79)
(1540, 78)
(1541, 78)
(1542, 79)
(1543, 79)
(1544, 78)
(1545, 78)
(1546, 78)
(1547, 78)
(1548, 78)
(1549, 78)
(1550, 78)
(1551, 78)
(1552, 79)
(1553, 79)
(1554, 79)
(1555, 79)
(1556, 79)
(1557, 79)
(1558, 79)
(1559, 79)
(1560, 79)
(1561, 79)
(1562, 79)
(1563, 79)
(1564, 79)
(1565, 78)
(1566, 79)
(1567, 79)
(1568, 79)
(1569, 79)
(1570, 79)
(1571, 79)
(1572, 79)
(1573, 79)
(1574, 79)
(1575, 79)
(1576, 79)
(1577, 79)
(1578, 79)
(1579, 79)
(1580, 79)
(1581, 79)
(1582, 79)
(1583, 78)
(1584, 79)
(1585, 79)
(1586, 78)
(1587, 78)
(1588, 79)
(1589, 79)
(1590, 78)
(1591, 79)
(1592, 79)
(1593, 79)
(1594, 79)
(1595, 79)
(1596, 79)
(1597, 79)
(1598, 79)
(1599, 79)
(1600, 79)
(1601, 79)
(1602, 79)
(1603, 79)
(1604, 79)
(1605, 79)
(1606, 79)
(1607, 79)
(1608, 79)
(1609, 79)
(1610, 79)
(1611, 79)
(1612, 79)
(1613, 79)
(1614, 80)
(1615, 79)
(1616, 79)
(1617, 79)
(1618, 79)
(1619, 79)
(1620, 79)
(1621, 80)
(1622, 80)
(1623, 79)
(1624, 79)
(1625, 79)
(1626, 79)
(1627, 79)
(1628, 79)
(1629, 79)
(1630, 79)
(1631, 79)
(1632, 80)
(1633, 80)
(1634, 80)
(1635, 80)
(1636, 79)
(1637, 80)
(1638, 80)
(1639, 80)
(1640, 80)
(1641, 80)
(1642, 81)
(1643, 80)
(1644, 81)
(1645, 80)
(1646, 81)
(1647, 81)
(1648, 81)
(1649, 81)
(1650, 81)
(1651, 80)
(1652, 80)
(1653, 80)
(1654, 80)
(1655, 80)
(1656, 80)
(1657, 80)
(1658, 80)
(1659, 80)
(1660, 80)
(1661, 80)
(1662, 81)
(1663, 81)
(1664, 81)
(1665, 81)
(1666, 81)
(1667, 80)
(1668, 80)
(1669, 81)
(1670, 80)
(1671, 80)
(1672, 80)
(1673, 79)
(1674, 79)
(1675, 79)
(1676, 79)
(1677, 79)
(1678, 79)
(1679, 79)
(1680, 79)
(1681, 79)
(1682, 79)
(1683, 79)
(1684, 80)
(1685, 80)
(1686, 80)
(1687, 80)
(1688, 80)
(1689, 79)
(1690, 80)
(1691, 80)
(1692, 79)
(1693, 79)
(1694, 79)
(1695, 79)
(1696, 79)
(1697, 79)
(1698, 79)
(1699, 79)
(1700, 79)
(1701, 79)
(1702, 78)
(1703, 79)
(1704, 79)
(1705, 79)
(1706, 79)
(1707, 79)
(1708, 79)
(1709, 79)
(1710, 79)
(1711, 79)
(1712, 80)
(1713, 80)
(1714, 80)
(1715, 80)
(1716, 80)
(1717, 80)
(1718, 80)
(1719, 80)
(1720, 80)
(1721, 80)
(1722, 79)
(1723, 79)
(1724, 80)
(1725, 79)
(1726, 79)
(1727, 79)
(1728, 79)
(1729, 79)
(1730, 79)
(1731, 79)
(1732, 79)
(1733, 80)
(1734, 80)
(1735, 80)
(1736, 80)
(1737, 81)
(1738, 80)
(1739, 81)
(1740, 80)
(1741, 80)
(1742, 80)
(1743, 80)
(1744, 81)
(1745, 80)
(1746, 80)
(1747, 79)
(1748, 79)
(1749, 80)
(1750, 79)
(1751, 79)
(1752, 79)
(1753, 79)
(1754, 80)
(1755, 79)
(1756, 79)
(1757, 80)
(1758, 80)
(1759, 80)
(1760, 80)
(1761, 80)
(1762, 80)
(1763, 80)
(1764, 79)
(1765, 79)
(1766, 79)
(1767, 78)
(1768, 78)
(1769, 78)
(1770, 79)
(1771, 79)
(1772, 79)
(1773, 79)
(1774, 79)
(1775, 79)
(1776, 79)
(1777, 79)
(1778, 79)
(1779, 78)
(1780, 78)
(1781, 79)
(1782, 79)
(1783, 79)
(1784, 79)
(1785, 79)
(1786, 79)
(1787, 79)
(1788, 78)
(1789, 78)
(1790, 77)
(1791, 78)
(1792, 78)
(1793, 78)
(1794, 78)
(1795, 78)
(1796, 78)
(1797, 78)
(1798, 78)
(1799, 78)
(1800, 78)
(1801, 78)
(1802, 78)
(1803, 78)
(1804, 78)
(1805, 78)
(1806, 78)
(1807, 78)
(1808, 79)
(1809, 79)
(1810, 79)
(1811, 79)
(1812, 79)
(1813, 79)
(1814, 78)
(1815, 78)
(1816, 78)
(1817, 78)
(1818, 78)
(1819, 78)
(1820, 78)
(1821, 78)
(1822, 78)
(1823, 78)
(1824, 78)
(1825, 78)
(1826, 78)
(1827, 78)
(1828, 78)
(1829, 78)
(1830, 78)
(1831, 79)
(1832, 78)
(1833, 78)
(1834, 78)
(1835, 79)
(1836, 79)
(1837, 79)
(1838, 78)
(1839, 78)
(1840, 78)
(1841, 78)
(1842, 78)
(1843, 77)
(1844, 78)
(1845, 78)
(1846, 78)
(1847, 78)
(1848, 78)
(1849, 78)
(1850, 78)
(1851, 78)
(1852, 78)
(1853, 77)
(1854, 77)
(1855, 78)
(1856, 78)
(1857, 78)
(1858, 78)
(1859, 78)
(1860, 78)
(1861, 79)
(1862, 79)
(1863, 79)
(1864, 79)
(1865, 79)
(1866, 79)
(1867, 78)
(1868, 78)
(1869, 78)
(1870, 78)
(1871, 78)
(1872, 78)
(1873, 78)
(1874, 78)
(1875, 78)
(1876, 78)
(1877, 78)
(1878, 78)
(1879, 78)
(1880, 78)
(1881, 78)
(1882, 78)
(1883, 78)
(1884, 78)
(1885, 79)
(1886, 79)
(1887, 79)
(1888, 79)
(1889, 78)
(1890, 79)
(1891, 79)
(1892, 79)
(1893, 78)
(1894, 78)
(1895, 78)
(1896, 78)
(1897, 79)
(1898, 79)
(1899, 78)
(1900, 78)
(1901, 78)
(1902, 78)
(1903, 78)
(1904, 78)
(1905, 78)
(1906, 78)
(1907, 78)
(1908, 78)
(1909, 78)
(1910, 78)
(1911, 77)
(1912, 77)
(1913, 78)
(1914, 78)
(1915, 78)
(1916, 77)
(1917, 77)
(1918, 77)
(1919, 77)
(1920, 77)
(1921, 77)
(1922, 77)
(1923, 77)
(1924, 78)
(1925, 78)
(1926, 78)
(1927, 78)
(1928, 78)
(1929, 79)
(1930, 79)
(1931, 79)
(1932, 79)
(1933, 79)
(1934, 79)
(1935, 79)
(1936, 79)
(1937, 78)
(1938, 78)
(1939, 78)
(1940, 78)
(1941, 78)
(1942, 78)
(1943, 78)
(1944, 78)
(1945, 78)
(1946, 78)
(1947, 78)
(1948, 78)
(1949, 78)
(1950, 78)
(1951, 77)
(1952, 78)
(1953, 78)
(1954, 77)
(1955, 78)
(1956, 78)
(1957, 78)
(1958, 78)
(1959, 78)
(1960, 79)
(1961, 78)
(1962, 78)
(1963, 78)
(1964, 78)
(1965, 78)
(1966, 79)
(1967, 79)
(1968, 79)
(1969, 79)
(1970, 79)
(1971, 79)
(1972, 78)
(1973, 78)
(1974, 79)
(1975, 79)
(1976, 78)
(1977, 78)
(1978, 78)
(1979, 79)
(1980, 79)
(1981, 78)
(1982, 78)
(1983, 79)
(1984, 79)
(1985, 79)
(1986, 79)
(1987, 79)
(1988, 79)
(1989, 79)
(1990, 80)
(1991, 80)
(1992, 79)
(1993, 80)
(1994, 80)
(1995, 80)
(1996, 80)
(1997, 80)
(1998, 79)
(1999, 79)
(2000, 79)
(2001, 79)
(2002, 79)
(2003, 79)
(2004, 79)
(2005, 79)
(2006, 79)
(2007, 78)
(2008, 78)
(2009, 79)
(2010, 78)
(2011, 78)
(2012, 78)
(2013, 78)
(2014, 78)
(2015, 78)
(2016, 77)
(2017, 77)
(2018, 78)
(2019, 78)
(2020, 78)
(2021, 78)
(2022, 78)
(2023, 78)
(2024, 78)
(2025, 78)
(2026, 78)
(2027, 77)
(2028, 78)
(2029, 78)
(2030, 78)
(2031, 78)
(2032, 79)
(2033, 79)
(2034, 79)
(2035, 79)
(2036, 78)
(2037, 78)
(2038, 78)
(2039, 78)
(2040, 79)
(2041, 79)
(2042, 78)
(2043, 78)
(2044, 78)
(2045, 78)
(2046, 78)
(2047, 79)
(2048, 79)
(2049, 79)
(2050, 79)
(2051, 80)
(2052, 79)
(2053, 79)
(2054, 79)
(2055, 79)
(2056, 79)
(2057, 80)
(2058, 79)
(2059, 79)
(2060, 78)
(2061, 78)
(2062, 78)
(2063, 78)
(2064, 78)
(2065, 78)
(2066, 78)
(2067, 78)
(2068, 79)
(2069, 79)
(2070, 79)
(2071, 79)
(2072, 79)
(2073, 80)
(2074, 80)
(2075, 79)
(2076, 79)
(2077, 79)
(2078, 80)
(2079, 80)
(2080, 81)
(2081, 80)
(2082, 80)
(2083, 80)
(2084, 80)
(2085, 80)
(2086, 80)
(2087, 80)
(2088, 79)
(2089, 79)
(2090, 79)
(2091, 79)
(2092, 79)
(2093, 79)
(2094, 79)
(2095, 79)
(2096, 78)
(2097, 79)
(2098, 79)
(2099, 79)
(2100, 79)
(2101, 79)
(2102, 79)
(2103, 79)
(2104, 79)
(2105, 80)
(2106, 79)
(2107, 80)
(2108, 80)
(2109, 80)
(2110, 80)
(2111, 80)
(2112, 80)
(2113, 80)
(2114, 80)
(2115, 80)
(2116, 80)
(2117, 80)
(2118, 79)
(2119, 79)
(2120, 79)
(2121, 79)
(2122, 80)
(2123, 80)
(2124, 79)
(2125, 79)
(2126, 79)
(2127, 79)
(2128, 79)
(2129, 79)
(2130, 79)
(2131, 79)
(2132, 78)
(2133, 78)
(2134, 78)
(2135, 78)
(2136, 78)
(2137, 78)
(2138, 78)
(2139, 78)
(2140, 78)
(2141, 78)
(2142, 78)
(2143, 78)
(2144, 78)
(2145, 78)
(2146, 78)
(2147, 78)
(2148, 78)
(2149, 79)
(2150, 79)
(2151, 78)
(2152, 78)
(2153, 78)
(2154, 79)
(2155, 79)
(2156, 78)
(2157, 78)
(2158, 78)
(2159, 78)
(2160, 78)
(2161, 78)
(2162, 78)
(2163, 78)
(2164, 78)
(2165, 78)
(2166, 78)
(2167, 78)
(2168, 78)
(2169, 78)
(2170, 78)
(2171, 78)
(2172, 78)
(2173, 78)
(2174, 78)
(2175, 78)
(2176, 78)
(2177, 78)
(2178, 78)
(2179, 78)
(2180, 78)
(2181, 79)
(2182, 79)
(2183, 79)
(2184, 79)
(2185, 79)
(2186, 78)
(2187, 78)
(2188, 78)
(2189, 78)
(2190, 78)
(2191, 77)
(2192, 77)
(2193, 77)
(2194, 78)
(2195, 77)
(2196, 77)
(2197, 77)
(2198, 78)
(2199, 78)
(2200, 78)
(2201, 78)
(2202, 77)
(2203, 78)
(2204, 77)
(2205, 77)
(2206, 77)
(2207, 77)
(2208, 77)
(2209, 77)
(2210, 77)
(2211, 77)
(2212, 77)
(2213, 77)
(2214, 77)
(2215, 76)
(2216, 76)
(2217, 77)
(2218, 76)
(2219, 76)
(2220, 77)
(2221, 77)
(2222, 77)
(2223, 77)
(2224, 77)
(2225, 77)
(2226, 77)
(2227, 77)
(2228, 77)
(2229, 77)
(2230, 77)
(2231, 77)
(2232, 77)
(2233, 76)
(2234, 76)
(2235, 77)
(2236, 76)
(2237, 76)
(2238, 77)
(2239, 77)
(2240, 77)
(2241, 78)
(2242, 78)
(2243, 78)
(2244, 78)
(2245, 78)
(2246, 78)
(2247, 78)
(2248, 78)
(2249, 79)
(2250, 79)
(2251, 79)
(2252, 79)
(2253, 79)
(2254, 79)
(2255, 79)
(2256, 79)
(2257, 80)
(2258, 80)
(2259, 80)
(2260, 80)
(2261, 80)
(2262, 80)
(2263, 80)
(2264, 80)
(2265, 80)
(2266, 80)
(2267, 79)
(2268, 79)
(2269, 79)
(2270, 79)
(2271, 79)
(2272, 79)
(2273, 79)
(2274, 79)
(2275, 79)
(2276, 79)
(2277, 79)
(2278, 79)
(2279, 79)
(2280, 79)
(2281, 80)
(2282, 80)
(2283, 80)
(2284, 80)
(2285, 80)
(2286, 80)
(2287, 80)
(2288, 80)
(2289, 80)
(2290, 80)
(2291, 80)
(2292, 80)
(2293, 80)
(2294, 80)
(2295, 80)
(2296, 80)
(2297, 80)
(2298, 80)
(2299, 80)
(2300, 80)
(2301, 79)
(2302, 79)
(2303, 79)
(2304, 79)
(2305, 79)
(2306, 79)
(2307, 79)
(2308, 79)
(2309, 79)
(2310, 79)
(2311, 79)
(2312, 79)
(2313, 79)
(2314, 79)
(2315, 78)
(2316, 78)
(2317, 79)
(2318, 79)
(2319, 79)
(2320, 78)
(2321, 79)
(2322, 79)
(2323, 78)
(2324, 79)
(2325, 78)
(2326, 78)
(2327, 78)
(2328, 78)
(2329, 78)
(2330, 78)
(2331, 78)
(2332, 78)
(2333, 78)
(2334, 78)
(2335, 78)
(2336, 78)
(2337, 78)
(2338, 77)
(2339, 77)
(2340, 77)
(2341, 78)
(2342, 78)
(2343, 78)
(2344, 78)
(2345, 78)
(2346, 79)
(2347, 79)
(2348, 79)
(2349, 79)
(2350, 80)
(2351, 79)
(2352, 79)
(2353, 79)
(2354, 79)
(2355, 79)
(2356, 79)
(2357, 80)
(2358, 79)
(2359, 79)
(2360, 79)
(2361, 79)
(2362, 79)
(2363, 80)
(2364, 79)
(2365, 79)
(2366, 79)
(2367, 80)
(2368, 79)
(2369, 79)
(2370, 79)
(2371, 79)
(2372, 79)
(2373, 79)
(2374, 79)
(2375, 79)
(2376, 80)
(2377, 79)
(2378, 80)
(2379, 79)
(2380, 79)
(2381, 79)
(2382, 79)
(2383, 79)
(2384, 79)
(2385, 79)
(2386, 79)
(2387, 79)
(2388, 79)
(2389, 79)
(2390, 78)
(2391, 78)
(2392, 78)
(2393, 78)
(2394, 78)
(2395, 78)
(2396, 78)
(2397, 78)
(2398, 78)
(2399, 78)
(2400, 79)
(2401, 78)
(2402, 78)
(2403, 78)
(2404, 78)
(2405, 78)
(2406, 78)
(2407, 78)
(2408, 78)
(2409, 78)
(2410, 78)
(2411, 78)
(2412, 78)
(2413, 78)
(2414, 78)
(2415, 77)
(2416, 77)
(2417, 77)
(2418, 77)
(2419, 77)
(2420, 77)
(2421, 78)
(2422, 78)
(2423, 77)
(2424, 77)
(2425, 78)
(2426, 78)
(2427, 77)
(2428, 78)
(2429, 78)
(2430, 78)
(2431, 78)
(2432, 78)
(2433, 78)
(2434, 78)
(2435, 78)
(2436, 78)
(2437, 78)
(2438, 78)
(2439, 78)
(2440, 78)
(2441, 78)
(2442, 79)
(2443, 78)
(2444, 78)
(2445, 78)
(2446, 77)
(2447, 77)
(2448, 77)
(2449, 77)
(2450, 78)
(2451, 77)
(2452, 78)
(2453, 78)
(2454, 78)
(2455, 78)
(2456, 78)
(2457, 79)
(2458, 78)
(2459, 78)
(2460, 78)
(2461, 78)
(2462, 78)
(2463, 78)
(2464, 78)
(2465, 78)
(2466, 78)
(2467, 78)
(2468, 78)
(2469, 78)
(2470, 78)
(2471, 78)
(2472, 78)
(2473, 78)
(2474, 78)
(2475, 77)
(2476, 77)
(2477, 78)
(2478, 78)
(2479, 78)
(2480, 77)
(2481, 77)
(2482, 78)
(2483, 78)
(2484, 78)
(2485, 78)
(2486, 78)
(2487, 78)
(2488, 78)
(2489, 78)
(2490, 78)
(2491, 78)
(2492, 78)
(2493, 78)
(2494, 79)
(2495, 79)
(2496, 79)
(2497, 79)
(2498, 79)
(2499, 79)
(2500, 79)
(2501, 79)
(2502, 79)
(2503, 79)
(2504, 79)
(2505, 79)
(2506, 79)
(2507, 79)
(2508, 79)
(2509, 78)
(2510, 78)
(2511, 78)
(2512, 78)
(2513, 79)
(2514, 79)
(2515, 79)
(2516, 78)
(2517, 79)
(2518, 78)
(2519, 78)
(2520, 78)
(2521, 78)
(2522, 78)
(2523, 78)
(2524, 78)
(2525, 78)
(2526, 79)
(2527, 79)
(2528, 79)
(2529, 79)
(2530, 79)
(2531, 79)
(2532, 79)
(2533, 79)
(2534, 79)
(2535, 79)
(2536, 79)
(2537, 78)
(2538, 78)
(2539, 78)
(2540, 78)
(2541, 77)
(2542, 77)
(2543, 77)
(2544, 77)
(2545, 77)
(2546, 77)
(2547, 77)
(2548, 77)
(2549, 77)
(2550, 77)
(2551, 77)
(2552, 77)
(2553, 78)
(2554, 78)
(2555, 78)
(2556, 78)
(2557, 78)
(2558, 78)
(2559, 78)
(2560, 78)
(2561, 78)
(2562, 78)
(2563, 78)
(2564, 78)
(2565, 78)
(2566, 78)
(2567, 78)
(2568, 78)
(2569, 78)
(2570, 78)
(2571, 78)
(2572, 79)
(2573, 79)
(2574, 79)
(2575, 79)
(2576, 79)
(2577, 79)
(2578, 78)
(2579, 78)
(2580, 79)
(2581, 78)
(2582, 78)
(2583, 78)
(2584, 78)
(2585, 78)
(2586, 78)
(2587, 77)
(2588, 77)
(2589, 77)
(2590, 77)
(2591, 78)
(2592, 78)
(2593, 79)
(2594, 79)
(2595, 79)
(2596, 79)
(2597, 79)
(2598, 79)
(2599, 79)
(2600, 79)
(2601, 79)
(2602, 79)
(2603, 78)
(2604, 78)
(2605, 78)
(2606, 78)
(2607, 78)
(2608, 78)
(2609, 78)
(2610, 78)
(2611, 78)
(2612, 79)
(2613, 79)
(2614, 79)
(2615, 79)
(2616, 79)
(2617, 79)
(2618, 79)
(2619, 79)
(2620, 79)
(2621, 79)
(2622, 79)
(2623, 79)
(2624, 79)
(2625, 79)
(2626, 79)
(2627, 79)
(2628, 79)
(2629, 79)
(2630, 79)
(2631, 79)
(2632, 79)
(2633, 79)
(2634, 79)
(2635, 79)
(2636, 79)
(2637, 79)
(2638, 79)
(2639, 79)
(2640, 79)
(2641, 79)
(2642, 79)
(2643, 79)
(2644, 80)
(2645, 79)
(2646, 80)
(2647, 79)
(2648, 79)
(2649, 79)
(2650, 79)
(2651, 79)
(2652, 79)
(2653, 78)
(2654, 78)
(2655, 78)
(2656, 79)
(2657, 79)
(2658, 79)
(2659, 79)
(2660, 79)
(2661, 79)
(2662, 79)
(2663, 79)
(2664, 79)
(2665, 78)
(2666, 78)
(2667, 78)
(2668, 78)
(2669, 78)
(2670, 78)
(2671, 78)
(2672, 78)
(2673, 78)
(2674, 78)
(2675, 78)
(2676, 78)
(2677, 78)
(2678, 78)
(2679, 79)
(2680, 79)
(2681, 79)
(2682, 78)
(2683, 79)
(2684, 79)
(2685, 79)
(2686, 79)
(2687, 78)
(2688, 78)
(2689, 78)
(2690, 78)
(2691, 78)
(2692, 78)
(2693, 78)
(2694, 77)
(2695, 77)
(2696, 77)
(2697, 77)
(2698, 78)
(2699, 78)
(2700, 78)
(2701, 78)
(2702, 79)
(2703, 78)
(2704, 79)
(2705, 79)
(2706, 79)
(2707, 79)
(2708, 79)
(2709, 79)
(2710, 79)
(2711, 79)
(2712, 79)
(2713, 79)
(2714, 79)
(2715, 79)
(2716, 78)
(2717, 79)
(2718, 78)
(2719, 78)
(2720, 78)
(2721, 78)
(2722, 78)
(2723, 78)
(2724, 78)
(2725, 78)
(2726, 79)
(2727, 78)
(2728, 79)
(2729, 79)
(2730, 79)
(2731, 79)
(2732, 79)
(2733, 79)
(2734, 78)
(2735, 78)
(2736, 78)
(2737, 78)
(2738, 78)
(2739, 78)
(2740, 78)
(2741, 78)
(2742, 78)
(2743, 78)
(2744, 78)
(2745, 78)
(2746, 78)
(2747, 78)
(2748, 78)
(2749, 78)
(2750, 78)
(2751, 79)
(2752, 79)
(2753, 78)
(2754, 78)
(2755, 78)
(2756, 78)
(2757, 78)
(2758, 78)
(2759, 79)
(2760, 79)
(2761, 79)
(2762, 79)
(2763, 78)
(2764, 79)
(2765, 79)
(2766, 79)
(2767, 79)
(2768, 78)
(2769, 78)
(2770, 79)
(2771, 78)
(2772, 79)
(2773, 79)
(2774, 79)
(2775, 79)
(2776, 80)
(2777, 79)
(2778, 79)
(2779, 80)
(2780, 79)
(2781, 79)
(2782, 79)
(2783, 79)
(2784, 79)
(2785, 79)
(2786, 79)
(2787, 79)
(2788, 79)
(2789, 80)
(2790, 79)
(2791, 79)
(2792, 80)
(2793, 79)
(2794, 79)
(2795, 79)
(2796, 79)
(2797, 79)
(2798, 79)
(2799, 79)
(2800, 79)
(2801, 79)
(2802, 79)
(2803, 79)
(2804, 79)
(2805, 79)
(2806, 79)
(2807, 79)
(2808, 79)
(2809, 79)
(2810, 79)
(2811, 79)
(2812, 79)
(2813, 79)
(2814, 79)
(2815, 79)
(2816, 79)
(2817, 80)
(2818, 79)
(2819, 79)
(2820, 79)
(2821, 79)
(2822, 79)
(2823, 79)
(2824, 79)
(2825, 79)
(2826, 78)
(2827, 78)
(2828, 78)
(2829, 78)
(2830, 78)
(2831, 78)
(2832, 78)
(2833, 78)
(2834, 78)
(2835, 78)
(2836, 78)
(2837, 79)
(2838, 79)
(2839, 79)
(2840, 79)
(2841, 79)
(2842, 78)
(2843, 79)
(2844, 79)
(2845, 79)
(2846, 79)
(2847, 79)
(2848, 79)
(2849, 79)
(2850, 79)
(2851, 80)
(2852, 80)
(2853, 79)
(2854, 79)
(2855, 79)
(2856, 79)
(2857, 80)
(2858, 79)
(2859, 79)
(2860, 79)
(2861, 79)
(2862, 79)
(2863, 79)
(2864, 78)
(2865, 78)
(2866, 78)
(2867, 78)
(2868, 78)
(2869, 78)
(2870, 79)
(2871, 79)
(2872, 79)
(2873, 79)
(2874, 78)
(2875, 78)
(2876, 78)
(2877, 78)
(2878, 78)
(2879, 78)
(2880, 78)
(2881, 78)
(2882, 78)
(2883, 78)
(2884, 78)
(2885, 78)
(2886, 78)
(2887, 79)
(2888, 79)
(2889, 78)
(2890, 78)
(2891, 78)
(2892, 79)
(2893, 79)
(2894, 79)
(2895, 79)
(2896, 79)
(2897, 79)
(2898, 79)
(2899, 79)
(2900, 79)
(2901, 79)
(2902, 78)
(2903, 78)
(2904, 78)
(2905, 78)
(2906, 78)
(2907, 78)
(2908, 78)
(2909, 78)
(2910, 78)
(2911, 78)
(2912, 78)
(2913, 78)
(2914, 78)
(2915, 78)
(2916, 77)
(2917, 78)
(2918, 78)
(2919, 78)
(2920, 79)
(2921, 78)
(2922, 78)
(2923, 79)
(2924, 79)
(2925, 79)
(2926, 79)
(2927, 79)
(2928, 79)
(2929, 79)
(2930, 79)
(2931, 79)
(2932, 79)
(2933, 79)
(2934, 79)
(2935, 79)
(2936, 79)
(2937, 79)
(2938, 79)
(2939, 79)
(2940, 79)
(2941, 78)
(2942, 79)
(2943, 79)
(2944, 79)
(2945, 79)
(2946, 79)
(2947, 79)
(2948, 78)
(2949, 78)
(2950, 78)
(2951, 78)
(2952, 78)
(2953, 78)
(2954, 78)
(2955, 78)
(2956, 78)
(2957, 78)
(2958, 78)
(2959, 78)
(2960, 79)
(2961, 79)
(2962, 79)
(2963, 78)
(2964, 78)
(2965, 78)
(2966, 78)
(2967, 78)
(2968, 78)
(2969, 78)
(2970, 78)
(2971, 78)
(2972, 78)
(2973, 78)
(2974, 78)
(2975, 78)
(2976, 78)
(2977, 78)
(2978, 78)
(2979, 78)
(2980, 78)
(2981, 78)
(2982, 78)
(2983, 78)
(2984, 78)
(2985, 78)
(2986, 78)
(2987, 78)
(2988, 78)
(2989, 78)
(2990, 78)
(2991, 79)
(2992, 79)
(2993, 79)
(2994, 79)
(2995, 79)
(2996, 80)
(2997, 79)
(2998, 80)
(2999, 80)
(3000, 80)
(3001, 80)
(3002, 79)
(3003, 79)
(3004, 80)
(3005, 79)
(3006, 80)
(3007, 79)
(3008, 79)
(3009, 79)
(3010, 79)
(3011, 79)
(3012, 80)
(3013, 80)
(3014, 80)
(3015, 80)
(3016, 80)
(3017, 80)
(3018, 80)
(3019, 80)
(3020, 80)
(3021, 79)
(3022, 79)
(3023, 79)
(3024, 79)
(3025, 79)
(3026, 79)
(3027, 79)
(3028, 79)
(3029, 79)
(3030, 80)
(3031, 80)
(3032, 80)
(3033, 80)
(3034, 80)
(3035, 79)
(3036, 79)
(3037, 79)
(3038, 79)
(3039, 78)
(3040, 78)
(3041, 78)
(3042, 79)
(3043, 79)
(3044, 79)
(3045, 79)
(3046, 79)
(3047, 78)
(3048, 78)
(3049, 78)
(3050, 78)
(3051, 78)
(3052, 78)
(3053, 78)
(3054, 79)
(3055, 79)
(3056, 79)
(3057, 79)
(3058, 79)
(3059, 79)
(3060, 79)
(3061, 78)
(3062, 78)
(3063, 78)
(3064, 78)
(3065, 78)
(3066, 78)
(3067, 78)
(3068, 78)
(3069, 78)
(3070, 77)
(3071, 78)
(3072, 78)
(3073, 78)
(3074, 78)
(3075, 78)
(3076, 78)
(3077, 78)
(3078, 78)
(3079, 77)
(3080, 77)
(3081, 78)
(3082, 78)
(3083, 78)
(3084, 78)
(3085, 78)
(3086, 79)
(3087, 79)
(3088, 79)
(3089, 78)
(3090, 78)
(3091, 78)
(3092, 78)
(3093, 78)
(3094, 78)
(3095, 77)
(3096, 78)
(3097, 78)
(3098, 78)
(3099, 78)
(3100, 78)
(3101, 77)
(3102, 77)
(3103, 78)
(3104, 78)
(3105, 78)
(3106, 78)
(3107, 78)
(3108, 79)
(3109, 79)
(3110, 79)
(3111, 79)
(3112, 79)
(3113, 78)
(3114, 79)
(3115, 79)
(3116, 79)
(3117, 78)
(3118, 78)
(3119, 78)
(3120, 78)
(3121, 78)
(3122, 77)
(3123, 78)
(3124, 77)
(3125, 77)
(3126, 78)
(3127, 78)
(3128, 78)
(3129, 78)
(3130, 78)
(3131, 78)
(3132, 78)
(3133, 78)
(3134, 78)
(3135, 78)
(3136, 78)
(3137, 78)
(3138, 78)
(3139, 78)
(3140, 78)
(3141, 78)
(3142, 78)
(3143, 79)
(3144, 78)
(3145, 78)
(3146, 79)
(3147, 79)
(3148, 79)
(3149, 79)
(3150, 79)
(3151, 78)
(3152, 78)
(3153, 79)
(3154, 79)
(3155, 79)
(3156, 78)
(3157, 78)
(3158, 79)
(3159, 78)
(3160, 79)
(3161, 79)
(3162, 78)
(3163, 78)
(3164, 78)
(3165, 78)
(3166, 78)
(3167, 78)
(3168, 78)
(3169, 78)
(3170, 78)
(3171, 78)
(3172, 79)
(3173, 79)
(3174, 79)
(3175, 79)
(3176, 79)
(3177, 79)
(3178, 79)
(3179, 79)
(3180, 79)
(3181, 79)
(3182, 79)
(3183, 79)
(3184, 79)
(3185, 79)
(3186, 80)
(3187, 80)
(3188, 80)
(3189, 80)
(3190, 79)
(3191, 79)
(3192, 79)
(3193, 79)
(3194, 79)
(3195, 79)
(3196, 79)
(3197, 79)
(3198, 79)
(3199, 78)
(3200, 78)
(3201, 78)
(3202, 78)
(3203, 79)
(3204, 79)
(3205, 79)
(3206, 79)
(3207, 78)
(3208, 78)
(3209, 79)
(3210, 78)
(3211, 78)
(3212, 78)
(3213, 78)
(3214, 78)
(3215, 78)
(3216, 78)
(3217, 78)
(3218, 78)
(3219, 78)
(3220, 79)
(3221, 79)
(3222, 78)
(3223, 78)
(3224, 79)
(3225, 79)
(3226, 79)
(3227, 78)
(3228, 79)
(3229, 79)
(3230, 79)
(3231, 79)
(3232, 79)
(3233, 79)
(3234, 79)
(3235, 79)
(3236, 79)
(3237, 79)
(3238, 79)
(3239, 79)
(3240, 79)
(3241, 79)
(3242, 79)
(3243, 78)
(3244, 78)
(3245, 78)
(3246, 78)
(3247, 78)
(3248, 79)
(3249, 78)
(3250, 78)
(3251, 78)
(3252, 78)
(3253, 79)
(3254, 79)
(3255, 78)
(3256, 78)
(3257, 78)
(3258, 78)
(3259, 78)
(3260, 78)
(3261, 78)
(3262, 78)
(3263, 78)
(3264, 78)
(3265, 78)
(3266, 78)
(3267, 78)
(3268, 78)
(3269, 78)
(3270, 78)
(3271, 78)
(3272, 78)
(3273, 78)
(3274, 78)
(3275, 78)
(3276, 78)
(3277, 78)
(3278, 77)
(3279, 77)
(3280, 77)
(3281, 77)
(3282, 77)
(3283, 77)
(3284, 77)
(3285, 77)
(3286, 77)
(3287, 77)
(3288, 77)
(3289, 77)
(3290, 77)
(3291, 77)
(3292, 78)
(3293, 78)
(3294, 78)
(3295, 78)
(3296, 78)
(3297, 78)
(3298, 78)
(3299, 78)
(3300, 78)
(3301, 78)
(3302, 78)
(3303, 79)
(3304, 79)
(3305, 79)
(3306, 78)
(3307, 78)
(3308, 78)
(3309, 79)
(3310, 78)
(3311, 78)
(3312, 79)
(3313, 79)
(3314, 79)
(3315, 79)
(3316, 79)
(3317, 79)
(3318, 78)
(3319, 79)
(3320, 79)
(3321, 79)
(3322, 79)
(3323, 78)
(3324, 78)
(3325, 78)
(3326, 78)
(3327, 78)
(3328, 78)
(3329, 78)
(3330, 78)
(3331, 78)
(3332, 79)
(3333, 79)
(3334, 78)
(3335, 78)
(3336, 79)
(3337, 79)
(3338, 79)
(3339, 78)
(3340, 79)
(3341, 79)
(3342, 79)
(3343, 79)
(3344, 79)
(3345, 79)
(3346, 79)
(3347, 78)
(3348, 78)
(3349, 78)
(3350, 78)
(3351, 78)
(3352, 78)
(3353, 78)
(3354, 79)
(3355, 79)
(3356, 79)
(3357, 80)
(3358, 80)
(3359, 79)
(3360, 79)
(3361, 79)
(3362, 79)
(3363, 79)
(3364, 79)
(3365, 79)
(3366, 79)
(3367, 78)
(3368, 78)
(3369, 78)
(3370, 78)
(3371, 78)
(3372, 78)
(3373, 78)
(3374, 78)
(3375, 78)
(3376, 78)
(3377, 78)
(3378, 78)
(3379, 78)
(3380, 77)
(3381, 78)
(3382, 78)
(3383, 78)
(3384, 79)
(3385, 78)
(3386, 78)
(3387, 78)
(3388, 78)
(3389, 78)
(3390, 78)
(3391, 78)
(3392, 78)
(3393, 78)
(3394, 79)
(3395, 79)
(3396, 78)
(3397, 78)
(3398, 78)
(3399, 78)
(3400, 78)
(3401, 78)
(3402, 77)
(3403, 77)
(3404, 77)
(3405, 77)
(3406, 77)
(3407, 77)
(3408, 78)
(3409, 78)
(3410, 78)
(3411, 78)
(3412, 78)
(3413, 78)
(3414, 79)
(3415, 79)
(3416, 79)
(3417, 78)
(3418, 79)
(3419, 79)
(3420, 79)
(3421, 79)
(3422, 79)
(3423, 78)
(3424, 78)
(3425, 79)
(3426, 79)
(3427, 79)
(3428, 78)
(3429, 78)
(3430, 78)
(3431, 78)
(3432, 79)
(3433, 79)
(3434, 79)
(3435, 78)
(3436, 78)
(3437, 79)
(3438, 79)
(3439, 80)
(3440, 79)
(3441, 79)
(3442, 79)
(3443, 79)
(3444, 79)
(3445, 79)
(3446, 80)
(3447, 80)
(3448, 79)
(3449, 79)
(3450, 79)
(3451, 79)
(3452, 79)
(3453, 79)
(3454, 79)
(3455, 79)
(3456, 79)
(3457, 79)
(3458, 78)
(3459, 78)
(3460, 79)
(3461, 79)
(3462, 79)
(3463, 79)
(3464, 79)
(3465, 79)
(3466, 79)
(3467, 79)
(3468, 79)
(3469, 79)
(3470, 79)
(3471, 79)
(3472, 79)
(3473, 79)
(3474, 80)
(3475, 80)
(3476, 79)
(3477, 79)
(3478, 79)
(3479, 79)
(3480, 79)
(3481, 79)
(3482, 79)
(3483, 79)
(3484, 79)
(3485, 79)
(3486, 79)
(3487, 78)
(3488, 79)
(3489, 78)
(3490, 78)
(3491, 78)
(3492, 78)
(3493, 78)
(3494, 78)
(3495, 78)
(3496, 78)
(3497, 78)
(3498, 78)
(3499, 78)
(3500, 78)
(3501, 78)
(3502, 78)
(3503, 78)
(3504, 78)
(3505, 78)
(3506, 78)
(3507, 78)
(3508, 78)
(3509, 78)
(3510, 78)
(3511, 78)
(3512, 78)
(3513, 78)
(3514, 78)
(3515, 78)
(3516, 78)
(3517, 78)
(3518, 78)
(3519, 78)
(3520, 78)
(3521, 78)
(3522, 77)
(3523, 78)
(3524, 78)
(3525, 78)
(3526, 78)
(3527, 78)
(3528, 78)
(3529, 78)
(3530, 78)
(3531, 78)
(3532, 78)
(3533, 78)
(3534, 78)
(3535, 78)
(3536, 78)
(3537, 77)
(3538, 78)
(3539, 78)
(3540, 78)
(3541, 78)
(3542, 78)
(3543, 78)
(3544, 77)
(3545, 77)
(3546, 78)
(3547, 77)
(3548, 77)
(3549, 77)
(3550, 77)
(3551, 77)
(3552, 78)
(3553, 78)
(3554, 79)
(3555, 79)
(3556, 79)
(3557, 79)
(3558, 79)
(3559, 78)
(3560, 79)
(3561, 78)
(3562, 78)
(3563, 78)
(3564, 78)
(3565, 78)
(3566, 78)
(3567, 78)
(3568, 78)
(3569, 79)
(3570, 79)
(3571, 79)
(3572, 79)
(3573, 79)
(3574, 80)
(3575, 80)
(3576, 80)
(3577, 79)
(3578, 79)
(3579, 80)
(3580, 79)
(3581, 80)
(3582, 79)
(3583, 79)
(3584, 79)
(3585, 79)
(3586, 79)
(3587, 79)
(3588, 79)
(3589, 79)
(3590, 79)
(3591, 79)
(3592, 79)
(3593, 79)
(3594, 79)
(3595, 79)
(3596, 79)
(3597, 79)
(3598, 78)
(3599, 78)
(3600, 79)
(3601, 79)
(3602, 79)
(3603, 79)
(3604, 79)
(3605, 79)
(3606, 79)
(3607, 79)
(3608, 79)
(3609, 79)
(3610, 79)
(3611, 80)
(3612, 80)
(3613, 80)
(3614, 80)
(3615, 80)
(3616, 80)
(3617, 80)
(3618, 80)
(3619, 79)
(3620, 79)
(3621, 79)
(3622, 78)
(3623, 78)
(3624, 78)
(3625, 79)
(3626, 79)
(3627, 79)
(3628, 79)
(3629, 79)
(3630, 79)
(3631, 79)
(3632, 78)
(3633, 78)
(3634, 78)
(3635, 78)
(3636, 78)
(3637, 79)
(3638, 79)
(3639, 78)
(3640, 78)
(3641, 79)
(3642, 79)
(3643, 79)
(3644, 79)
(3645, 79)
(3646, 79)
(3647, 79)
(3648, 79)
(3649, 79)
(3650, 79)
(3651, 79)
(3652, 79)
(3653, 79)
(3654, 79)
(3655, 79)
(3656, 79)
(3657, 79)
(3658, 78)
(3659, 79)
(3660, 79)
(3661, 79)
(3662, 78)
(3663, 78)
(3664, 78)
(3665, 78)
(3666, 77)
(3667, 77)
(3668, 77)
(3669, 77)
(3670, 78)
(3671, 77)
(3672, 78)
(3673, 78)
(3674, 79)
(3675, 79)
(3676, 78)
(3677, 78)
(3678, 78)
(3679, 78)
(3680, 79)
(3681, 78)
(3682, 78)
(3683, 79)
(3684, 78)
(3685, 78)
(3686, 78)
(3687, 78)
(3688, 79)
(3689, 79)
(3690, 79)
(3691, 79)
(3692, 79)
(3693, 80)
(3694, 80)
(3695, 80)
(3696, 80)
(3697, 80)
(3698, 79)
(3699, 79)
(3700, 80)
(3701, 79)
(3702, 79)
(3703, 79)
(3704, 79)
(3705, 78)
(3706, 78)
(3707, 78)
(3708, 78)
(3709, 78)
(3710, 78)
(3711, 78)
(3712, 78)
(3713, 78)
(3714, 78)
(3715, 78)
(3716, 77)
(3717, 77)
(3718, 77)
(3719, 77)
(3720, 77)
(3721, 77)
(3722, 76)
(3723, 76)
(3724, 76)
(3725, 76)
(3726, 77)
(3727, 77)
(3728, 77)
(3729, 77)
(3730, 77)
(3731, 77)
(3732, 78)
(3733, 78)
(3734, 78)
(3735, 78)
(3736, 78)
(3737, 78)
(3738, 78)
(3739, 78)
(3740, 78)
(3741, 79)
(3742, 78)
(3743, 78)
(3744, 78)
(3745, 78)
(3746, 78)
(3747, 78)
(3748, 78)
(3749, 78)
(3750, 79)
(3751, 78)
(3752, 78)
(3753, 78)
(3754, 78)
(3755, 78)
(3756, 78)
(3757, 78)
(3758, 78)
(3759, 78)
(3760, 78)
(3761, 78)
(3762, 78)
(3763, 78)
(3764, 78)
(3765, 78)
(3766, 78)
(3767, 78)
(3768, 79)
(3769, 78)
(3770, 78)
(3771, 78)
(3772, 78)
(3773, 78)
(3774, 78)
(3775, 78)
(3776, 78)
(3777, 78)
(3778, 78)
(3779, 78)
(3780, 78)
(3781, 78)
(3782, 78)
(3783, 78)
(3784, 78)
(3785, 78)
(3786, 78)
(3787, 78)
(3788, 78)
(3789, 78)
(3790, 79)
(3791, 79)
(3792, 79)
(3793, 79)
(3794, 79)
(3795, 80)
(3796, 79)
(3797, 80)
(3798, 80)
(3799, 80)
(3800, 80)
(3801, 80)
(3802, 80)
(3803, 80)
(3804, 79)
(3805, 79)
(3806, 79)
(3807, 79)
(3808, 79)
(3809, 79)
(3810, 79)
(3811, 79)
(3812, 80)
(3813, 80)
(3814, 80)
(3815, 80)
(3816, 79)
(3817, 80)
(3818, 79)
(3819, 79)
(3820, 79)
(3821, 80)
(3822, 79)
(3823, 79)
(3824, 79)
(3825, 79)
(3826, 79)
(3827, 79)
(3828, 80)
(3829, 80)
(3830, 80)
(3831, 79)
(3832, 79)
(3833, 79)
(3834, 79)
(3835, 79)
(3836, 79)
(3837, 78)
(3838, 79)
(3839, 79)
(3840, 79)
(3841, 79)
(3842, 78)
(3843, 78)
(3844, 79)
(3845, 78)
(3846, 78)
(3847, 78)
(3848, 78)
(3849, 78)
(3850, 78)
(3851, 78)
(3852, 78)
(3853, 78)
(3854, 78)
(3855, 78)
(3856, 78)
(3857, 78)
(3858, 78)
(3859, 78)
(3860, 78)
(3861, 78)
(3862, 78)
(3863, 79)
(3864, 79)
(3865, 78)
(3866, 78)
(3867, 78)
(3868, 78)
(3869, 78)
(3870, 78)
(3871, 78)
(3872, 78)
(3873, 78)
(3874, 79)
(3875, 79)
(3876, 79)
(3877, 79)
(3878, 79)
(3879, 79)
(3880, 79)
(3881, 79)
(3882, 79)
(3883, 79)
(3884, 79)
(3885, 79)
(3886, 79)
(3887, 79)
(3888, 79)
(3889, 79)
(3890, 79)
(3891, 79)
(3892, 80)
(3893, 80)
(3894, 79)
(3895, 79)
(3896, 79)
(3897, 79)
(3898, 79)
(3899, 79)
(3900, 79)
(3901, 79)
(3902, 79)
(3903, 79)
(3904, 80)
(3905, 80)
(3906, 80)
(3907, 80)
(3908, 80)
(3909, 80)
(3910, 80)
(3911, 80)
(3912, 80)
(3913, 80)
(3914, 80)
(3915, 80)
(3916, 80)
(3917, 79)
(3918, 79)
(3919, 79)
(3920, 79)
(3921, 79)
(3922, 79)
(3923, 79)
(3924, 79)
(3925, 79)
(3926, 79)
(3927, 79)
(3928, 78)
(3929, 78)
(3930, 78)
(3931, 78)
(3932, 78)
(3933, 78)
(3934, 78)
(3935, 78)
(3936, 78)
(3937, 78)
(3938, 77)
(3939, 77)
(3940, 77)
(3941, 77)
(3942, 78)
(3943, 78)
(3944, 78)
(3945, 78)
(3946, 78)
(3947, 78)
(3948, 78)
(3949, 79)
(3950, 79)
(3951, 79)
(3952, 79)
(3953, 79)
(3954, 79)
(3955, 79)
(3956, 79)
(3957, 79)
(3958, 79)
(3959, 79)
(3960, 78)
(3961, 78)
(3962, 78)
(3963, 78)
(3964, 79)
(3965, 79)
(3966, 79)
(3967, 79)
(3968, 79)
(3969, 79)
(3970, 80)
(3971, 79)
(3972, 79)
(3973, 79)
(3974, 79)
(3975, 79)
(3976, 79)
(3977, 79)
(3978, 79)
(3979, 79)
(3980, 79)
(3981, 79)
(3982, 79)
(3983, 79)
(3984, 79)
(3985, 79)
(3986, 80)
(3987, 80)
(3988, 79)
(3989, 79)
(3990, 80)
(3991, 79)
(3992, 80)
(3993, 80)
(3994, 80)
(3995, 80)
(3996, 80)
(3997, 81)
(3998, 81)
(3999, 81)
(4000, 81)
(4001, 81)
(4002, 81)
(4003, 81)
(4004, 80)
(4005, 80)
(4006, 80)
(4007, 79)
(4008, 79)
(4009, 79)
(4010, 79)
(4011, 79)
(4012, 79)
(4013, 79)
(4014, 79)
(4015, 79)
(4016, 79)
(4017, 79)
(4018, 79)
(4019, 79)
(4020, 79)
(4021, 79)
(4022, 79)
(4023, 79)
(4024, 79)
(4025, 80)
(4026, 80)
(4027, 80)
(4028, 80)
(4029, 80)
(4030, 80)
(4031, 80)
(4032, 79)
(4033, 80)
(4034, 80)
(4035, 80)
(4036, 80)
(4037, 80)
(4038, 79)
(4039, 79)
(4040, 80)
(4041, 80)
(4042, 80)
(4043, 80)
(4044, 79)
(4045, 79)
(4046, 80)
(4047, 80)
(4048, 80)
(4049, 79)
(4050, 79)
(4051, 79)
(4052, 79)
(4053, 79)
(4054, 79)
(4055, 79)
(4056, 79)
(4057, 80)
(4058, 80)
(4059, 79)
(4060, 79)
(4061, 79)
(4062, 79)
(4063, 79)
(4064, 79)
(4065, 79)
(4066, 79)
(4067, 79)
(4068, 79)
(4069, 79)
(4070, 79)
(4071, 79)
(4072, 79)
(4073, 78)
(4074, 78)
(4075, 78)
(4076, 78)
(4077, 78)
(4078, 79)
(4079, 79)
(4080, 79)
(4081, 79)
(4082, 79)
(4083, 79)
(4084, 80)
(4085, 79)
(4086, 79)
(4087, 79)
(4088, 79)
(4089, 78)
(4090, 79)
(4091, 79)
(4092, 79)
(4093, 79)
(4094, 79)
(4095, 79)
(4096, 79)
(4097, 79)
(4098, 80)
(4099, 80)
(4100, 80)
(4101, 79)
(4102, 79)
(4103, 79)
(4104, 79)
(4105, 79)
(4106, 79)
(4107, 79)
(4108, 79)
(4109, 79)
(4110, 79)
(4111, 79)
(4112, 79)
(4113, 78)
(4114, 78)
(4115, 78)
(4116, 78)
(4117, 78)
(4118, 78)
(4119, 78)
(4120, 78)
(4121, 78)
(4122, 78)
(4123, 78)
(4124, 78)
(4125, 78)
(4126, 78)
(4127, 78)
(4128, 78)
(4129, 78)
(4130, 78)
(4131, 79)
(4132, 79)
(4133, 79)
(4134, 79)
(4135, 79)
(4136, 79)
(4137, 80)
(4138, 79)
(4139, 79)
(4140, 79)
(4141, 79)
(4142, 79)
(4143, 79)
(4144, 79)
(4145, 79)
(4146, 79)
(4147, 79)
(4148, 79)
(4149, 78)
(4150, 79)
(4151, 79)
(4152, 79)
(4153, 79)
(4154, 79)
(4155, 79)
(4156, 80)
(4157, 80)
(4158, 80)
(4159, 80)
(4160, 80)
(4161, 80)
(4162, 80)
(4163, 80)
(4164, 80)
(4165, 79)
(4166, 80)
(4167, 80)
(4168, 80)
(4169, 80)
(4170, 80)
(4171, 80)
(4172, 80)
(4173, 80)
(4174, 80)
(4175, 80)
(4176, 80)
(4177, 79)
(4178, 79)
(4179, 80)
(4180, 80)
(4181, 80)
(4182, 80)
(4183, 80)
(4184, 80)
(4185, 80)
(4186, 80)
(4187, 79)
(4188, 79)
(4189, 79)
(4190, 80)
(4191, 80)
(4192, 80)
(4193, 80)
(4194, 80)
(4195, 79)
(4196, 79)
(4197, 79)
(4198, 79)
(4199, 78)
(4200, 79)
(4201, 79)
(4202, 79)
(4203, 79)
(4204, 79)
(4205, 78)
(4206, 79)
(4207, 79)
(4208, 79)
(4209, 79)
(4210, 79)
(4211, 79)
(4212, 78)
(4213, 78)
(4214, 78)
(4215, 78)
(4216, 78)
(4217, 77)
(4218, 77)
(4219, 77)
(4220, 77)
(4221, 78)
(4222, 77)
(4223, 78)
(4224, 78)
(4225, 79)
(4226, 79)
(4227, 79)
(4228, 78)
(4229, 78)
(4230, 78)
(4231, 79)
(4232, 79)
(4233, 79)
(4234, 79)
(4235, 78)
(4236, 78)
(4237, 78)
(4238, 78)
(4239, 78)
(4240, 79)
(4241, 79)
(4242, 79)
(4243, 78)
(4244, 78)
(4245, 78)
(4246, 78)
(4247, 78)
(4248, 78)
(4249, 78)
(4250, 78)
(4251, 78)
(4252, 78)
(4253, 78)
(4254, 78)
(4255, 78)
(4256, 78)
(4257, 77)
(4258, 77)
(4259, 77)
(4260, 77)
(4261, 77)
(4262, 77)
(4263, 77)
(4264, 78)
(4265, 78)
(4266, 78)
(4267, 78)
(4268, 78)
(4269, 78)
(4270, 79)
(4271, 79)
(4272, 79)
(4273, 79)
(4274, 79)
(4275, 79)
(4276, 79)
(4277, 79)
(4278, 79)
(4279, 79)
(4280, 79)
(4281, 79)
(4282, 79)
(4283, 78)
(4284, 79)
(4285, 79)
(4286, 79)
(4287, 79)
(4288, 79)
(4289, 79)
(4290, 79)
(4291, 79)
(4292, 79)
(4293, 79)
(4294, 79)
(4295, 79)
(4296, 79)
(4297, 79)
(4298, 79)
(4299, 79)
(4300, 79)
(4301, 78)
(4302, 79)
(4303, 79)
(4304, 78)
(4305, 78)
(4306, 78)
(4307, 79)
(4308, 79)
(4309, 79)
(4310, 79)
(4311, 79)
(4312, 80)
(4313, 80)
(4314, 80)
(4315, 79)
(4316, 80)
(4317, 80)
(4318, 79)
(4319, 79)
(4320, 80)
(4321, 80)
(4322, 80)
(4323, 80)
(4324, 80)
(4325, 80)
(4326, 79)
(4327, 79)
(4328, 80)
(4329, 79)
(4330, 79)
(4331, 80)
(4332, 79)
(4333, 79)
(4334, 79)
(4335, 79)
(4336, 79)
(4337, 79)
(4338, 79)
(4339, 79)
(4340, 79)
(4341, 79)
(4342, 79)
(4343, 79)
(4344, 79)
(4345, 80)
(4346, 79)
(4347, 79)
(4348, 79)
(4349, 79)
(4350, 79)
(4351, 79)
(4352, 79)
(4353, 79)
(4354, 79)
(4355, 79)
(4356, 79)
(4357, 78)
(4358, 78)
(4359, 78)
(4360, 78)
(4361, 78)
(4362, 78)
(4363, 78)
(4364, 78)
(4365, 78)
(4366, 77)
(4367, 77)
(4368, 77)
(4369, 78)
(4370, 77)
(4371, 78)
(4372, 77)
(4373, 78)
(4374, 77)
(4375, 77)
(4376, 77)
(4377, 78)
(4378, 78)
(4379, 78)
(4380, 78)
(4381, 78)
(4382, 78)
(4383, 78)
(4384, 78)
(4385, 78)
(4386, 78)
(4387, 78)
(4388, 78)
(4389, 78)
(4390, 78)
(4391, 78)
(4392, 78)
(4393, 78)
(4394, 78)
(4395, 79)
(4396, 78)
(4397, 78)
(4398, 77)
(4399, 77)
(4400, 78)
(4401, 78)
(4402, 78)
(4403, 78)
(4404, 78)
(4405, 78)
(4406, 78)
(4407, 78)
(4408, 78)
(4409, 79)
(4410, 79)
(4411, 79)
(4412, 80)
(4413, 80)
(4414, 80)
(4415, 80)
(4416, 79)
(4417, 80)
(4418, 80)
(4419, 80)
(4420, 80)
(4421, 80)
(4422, 80)
(4423, 79)
(4424, 79)
(4425, 79)
(4426, 79)
(4427, 79)
(4428, 78)
(4429, 78)
(4430, 78)
(4431, 78)
(4432, 78)
(4433, 79)
(4434, 79)
(4435, 78)
(4436, 78)
(4437, 79)
(4438, 79)
(4439, 79)
(4440, 79)
(4441, 79)
(4442, 79)
(4443, 79)
(4444, 78)
(4445, 78)
(4446, 78)
(4447, 78)
(4448, 78)
(4449, 78)
(4450, 78)
(4451, 78)
(4452, 79)
(4453, 79)
(4454, 79)
(4455, 79)
(4456, 78)
(4457, 78)
(4458, 78)
(4459, 78)
(4460, 77)
(4461, 77)
(4462, 77)
(4463, 78)
(4464, 77)
(4465, 77)
(4466, 78)
(4467, 78)
(4468, 78)
(4469, 77)
(4470, 78)
(4471, 78)
(4472, 78)
(4473, 78)
(4474, 78)
(4475, 78)
(4476, 78)
(4477, 79)
(4478, 78)
(4479, 78)
(4480, 78)
(4481, 78)
(4482, 78)
(4483, 77)
(4484, 78)
(4485, 78)
(4486, 78)
(4487, 78)
(4488, 78)
(4489, 78)
(4490, 78)
(4491, 78)
(4492, 78)
(4493, 79)
(4494, 79)
(4495, 79)
(4496, 79)
(4497, 78)
(4498, 79)
(4499, 78)
(4500, 78)
(4501, 79)
(4502, 78)
(4503, 78)
(4504, 78)
(4505, 78)
(4506, 78)
(4507, 78)
(4508, 78)
(4509, 78)
(4510, 78)
(4511, 78)
(4512, 78)
(4513, 78)
(4514, 78)
(4515, 78)
(4516, 78)
(4517, 78)
(4518, 78)
(4519, 79)
(4520, 79)
(4521, 79)
(4522, 79)
(4523, 79)
(4524, 79)
(4525, 79)
(4526, 79)
(4527, 78)
(4528, 78)
(4529, 78)
(4530, 78)
(4531, 78)
(4532, 78)
(4533, 78)
(4534, 78)
(4535, 78)
(4536, 78)
(4537, 78)
(4538, 78)
(4539, 78)
(4540, 78)
(4541, 78)
(4542, 78)
(4543, 78)
(4544, 78)
(4545, 78)
(4546, 78)
(4547, 78)
(4548, 78)
(4549, 78)
(4550, 77)
(4551, 77)
(4552, 77)
(4553, 77)
(4554, 78)
(4555, 78)
(4556, 78)
(4557, 79)
(4558, 78)
(4559, 78)
(4560, 78)
(4561, 78)
(4562, 79)
(4563, 79)
(4564, 79)
(4565, 79)
(4566, 79)
(4567, 79)
(4568, 79)
(4569, 79)
(4570, 79)
(4571, 79)
(4572, 79)
(4573, 79)
(4574, 79)
(4575, 79)
(4576, 78)
(4577, 78)
(4578, 79)
(4579, 79)
(4580, 79)
(4581, 79)
(4582, 79)
(4583, 78)
(4584, 79)
(4585, 79)
(4586, 79)
(4587, 79)
(4588, 79)
(4589, 79)
(4590, 78)
(4591, 78)
(4592, 78)
(4593, 78)
(4594, 78)
(4595, 78)
(4596, 78)
(4597, 78)
(4598, 78)
(4599, 78)
(4600, 78)
(4601, 78)
(4602, 78)
(4603, 78)
(4604, 79)
(4605, 78)
(4606, 78)
(4607, 79)
(4608, 79)
(4609, 79)
(4610, 79)
(4611, 79)
(4612, 79)
(4613, 79)
(4614, 79)
(4615, 79)
(4616, 79)
(4617, 79)
(4618, 78)
(4619, 78)
(4620, 78)
(4621, 78)
(4622, 77)
(4623, 77)
(4624, 77)
(4625, 77)
(4626, 77)
(4627, 77)
(4628, 78)
(4629, 78)
(4630, 78)
(4631, 79)
(4632, 79)
(4633, 79)
(4634, 79)
(4635, 79)
(4636, 79)
(4637, 79)
(4638, 79)
(4639, 79)
(4640, 79)
(4641, 79)
(4642, 79)
(4643, 79)
(4644, 79)
(4645, 79)
(4646, 79)
(4647, 79)
(4648, 78)
(4649, 79)
(4650, 79)
(4651, 78)
(4652, 78)
(4653, 78)
(4654, 79)
(4655, 79)
(4656, 79)
(4657, 79)
(4658, 79)
(4659, 79)
(4660, 79)
(4661, 79)
(4662, 79)
(4663, 79)
(4664, 79)
(4665, 79)
(4666, 79)
(4667, 79)
(4668, 79)
(4669, 79)
(4670, 79)
(4671, 79)
(4672, 79)
(4673, 79)
(4674, 79)
(4675, 80)
(4676, 79)
(4677, 80)
(4678, 80)
(4679, 80)
(4680, 80)
(4681, 80)
(4682, 80)
(4683, 80)
(4684, 80)
(4685, 80)
(4686, 80)
(4687, 80)
(4688, 80)
(4689, 79)
(4690, 79)
(4691, 79)
(4692, 79)
(4693, 79)
(4694, 79)
(4695, 79)
(4696, 79)
(4697, 79)
(4698, 79)
(4699, 79)
(4700, 78)
(4701, 78)
(4702, 78)
(4703, 79)
(4704, 79)
(4705, 79)
(4706, 79)
(4707, 79)
(4708, 79)
(4709, 79)
(4710, 79)
(4711, 78)
(4712, 78)
(4713, 79)
(4714, 78)
(4715, 78)
(4716, 79)
(4717, 78)
(4718, 78)
(4719, 78)
(4720, 78)
(4721, 78)
(4722, 78)
(4723, 77)
(4724, 77)
(4725, 77)
(4726, 78)
(4727, 78)
(4728, 78)
(4729, 78)
(4730, 78)
(4731, 78)
(4732, 78)
(4733, 78)
(4734, 78)
(4735, 79)
(4736, 79)
(4737, 79)
(4738, 78)
(4739, 78)
(4740, 78)
(4741, 78)
(4742, 78)
(4743, 78)
(4744, 78)
(4745, 78)
(4746, 78)
(4747, 78)
(4748, 78)
(4749, 78)
(4750, 78)
(4751, 78)
(4752, 78)
(4753, 78)
(4754, 79)
(4755, 79)
(4756, 79)
(4757, 79)
(4758, 79)
(4759, 80)
(4760, 80)
(4761, 80)
(4762, 80)
(4763, 80)
(4764, 80)
(4765, 80)
(4766, 80)
(4767, 80)
(4768, 80)
(4769, 79)
(4770, 80)
(4771, 80)
(4772, 79)
(4773, 80)
(4774, 80)
(4775, 80)
(4776, 80)
(4777, 80)
(4778, 80)
(4779, 80)
(4780, 80)
(4781, 80)
(4782, 80)
(4783, 81)
(4784, 80)
(4785, 80)
(4786, 79)
(4787, 79)
(4788, 79)
(4789, 79)
(4790, 79)
(4791, 79)
(4792, 78)
(4793, 78)
(4794, 79)
(4795, 79)
(4796, 79)
(4797, 79)
(4798, 79)
(4799, 79)
(4800, 79)
(4801, 79)
(4802, 79)
(4803, 79)
(4804, 79)
(4805, 79)
(4806, 79)
(4807, 79)
(4808, 79)
(4809, 78)
(4810, 79)
(4811, 78)
(4812, 78)
(4813, 78)
(4814, 78)
(4815, 79)
(4816, 79)
(4817, 79)
(4818, 79)
(4819, 79)
(4820, 79)
(4821, 78)
(4822, 79)
(4823, 79)
(4824, 78)
(4825, 79)
(4826, 79)
(4827, 78)
(4828, 78)
(4829, 78)
(4830, 78)
(4831, 79)
(4832, 79)
(4833, 78)
(4834, 79)
(4835, 79)
(4836, 79)
(4837, 79)
(4838, 79)
(4839, 79)
(4840, 79)
(4841, 79)
(4842, 79)
(4843, 79)
(4844, 79)
(4845, 79)
(4846, 79)
(4847, 80)
(4848, 80)
(4849, 80)
(4850, 79)
(4851, 79)
(4852, 80)
(4853, 80)
(4854, 79)
(4855, 79)
(4856, 79)
(4857, 79)
(4858, 79)
(4859, 80)
(4860, 80)
(4861, 79)
(4862, 79)
(4863, 79)
(4864, 79)
(4865, 79)
(4866, 79)
(4867, 79)
(4868, 79)
(4869, 79)
(4870, 79)
(4871, 79)
(4872, 79)
(4873, 79)
(4874, 79)
(4875, 79)
(4876, 79)
(4877, 79)
(4878, 78)
(4879, 78)
(4880, 78)
(4881, 78)
(4882, 78)
(4883, 79)
(4884, 79)
(4885, 79)
(4886, 79)
(4887, 80)
(4888, 80)
(4889, 80)
(4890, 80)
(4891, 80)
(4892, 80)
(4893, 80)
(4894, 80)
(4895, 80)
(4896, 79)
(4897, 79)
(4898, 79)
(4899, 80)
(4900, 80)
(4901, 80)
(4902, 80)
(4903, 80)
(4904, 80)
(4905, 80)
(4906, 81)
(4907, 81)
(4908, 81)
(4909, 81)
(4910, 80)
(4911, 80)
(4912, 80)
(4913, 80)
(4914, 80)
(4915, 80)
(4916, 80)
(4917, 80)
(4918, 80)
(4919, 80)
(4920, 80)
(4921, 79)
(4922, 79)
(4923, 79)
(4924, 79)
(4925, 78)
(4926, 79)
(4927, 79)
(4928, 79)
(4929, 79)
(4930, 79)
(4931, 79)
(4932, 79)
(4933, 79)
(4934, 79)
(4935, 79)
(4936, 79)
(4937, 78)
(4938, 78)
(4939, 78)
(4940, 78)
(4941, 78)
(4942, 79)
(4943, 79)
(4944, 79)
(4945, 79)
(4946, 79)
(4947, 79)
(4948, 79)
(4949, 79)
(4950, 79)
(4951, 79)
(4952, 79)
(4953, 79)
(4954, 79)
(4955, 80)
(4956, 80)
(4957, 80)
(4958, 80)
(4959, 80)
(4960, 79)
(4961, 79)
(4962, 79)
(4963, 79)
(4964, 79)
(4965, 79)
(4966, 79)
(4967, 80)
(4968, 80)
(4969, 80)
(4970, 80)
(4971, 80)
(4972, 79)
(4973, 79)
(4974, 79)
(4975, 79)
(4976, 78)
(4977, 78)
(4978, 78)
(4979, 79)
(4980, 78)
(4981, 78)
(4982, 79)
(4983, 79)
(4984, 79)
(4985, 79)
(4986, 79)
(4987, 78)
(4988, 78)
(4989, 78)
(4990, 78)
(4991, 79)
(4992, 79)
(4993, 79)
(4994, 79)
(4995, 79)
(4996, 79)
(4997, 79)
(4998, 79)
(4999, 79)
(5000, 79)
(5001, 78)
(5002, 78)
(5003, 77)
(5004, 77)
(5005, 77)
(5006, 78)
(5007, 78)
(5008, 78)
(5009, 78)
(5010, 78)
(5011, 78)
(5012, 78)
(5013, 79)
(5014, 79)
(5015, 79)
(5016, 79)
(5017, 79)
(5018, 79)
(5019, 79)
(5020, 79)
(5021, 80)
(5022, 80)
(5023, 80)
(5024, 80)
(5025, 80)
(5026, 80)
(5027, 80)
(5028, 80)
(5029, 80)
(5030, 81)
(5031, 80)
(5032, 80)
(5033, 80)
(5034, 80)
(5035, 80)
(5036, 80)
(5037, 80)
(5038, 80)
(5039, 79)
(5040, 79)
(5041, 79)
(5042, 79)
(5043, 79)
(5044, 79)
(5045, 79)
(5046, 79)
(5047, 79)
(5048, 78)
(5049, 79)
(5050, 78)
(5051, 78)
(5052, 78)
(5053, 78)
(5054, 78)
(5055, 79)
(5056, 79)
(5057, 79)
(5058, 79)
(5059, 78)
(5060, 78)
(5061, 78)
(5062, 78)
(5063, 78)
(5064, 78)
(5065, 78)
(5066, 78)
(5067, 78)
(5068, 78)
(5069, 78)
(5070, 78)
(5071, 78)
(5072, 78)
(5073, 78)
(5074, 78)
(5075, 78)
(5076, 78)
(5077, 79)
(5078, 79)
(5079, 79)
(5080, 79)
(5081, 79)
(5082, 79)
(5083, 79)
(5084, 79)
(5085, 79)
(5086, 78)
(5087, 78)
(5088, 78)
(5089, 78)
(5090, 78)
(5091, 79)
(5092, 78)
(5093, 78)
(5094, 78)
(5095, 78)
(5096, 78)
(5097, 78)
(5098, 78)
(5099, 78)
(5100, 78)
(5101, 78)
(5102, 78)
(5103, 78)
(5104, 78)
(5105, 78)
(5106, 78)
(5107, 78)
(5108, 78)
(5109, 78)
(5110, 79)
(5111, 79)
(5112, 79)
(5113, 78)
(5114, 78)
(5115, 78)
(5116, 78)
(5117, 78)
(5118, 78)
(5119, 78)
(5120, 78)
(5121, 78)
(5122, 78)
(5123, 78)
(5124, 78)
(5125, 78)
(5126, 78)
(5127, 78)
(5128, 78)
(5129, 78)
(5130, 78)
(5131, 77)
(5132, 77)
(5133, 77)
(5134, 78)
(5135, 78)
(5136, 78)
(5137, 78)
(5138, 78)
(5139, 78)
(5140, 78)
(5141, 78)
(5142, 79)
(5143, 79)
(5144, 79)
(5145, 79)
(5146, 79)
(5147, 79)
(5148, 79)
(5149, 79)
(5150, 80)
(5151, 80)
(5152, 80)
(5153, 80)
(5154, 80)
(5155, 80)
(5156, 80)
(5157, 80)
(5158, 79)
(5159, 79)
(5160, 79)
(5161, 79)
(5162, 79)
(5163, 79)
(5164, 79)
(5165, 79)
(5166, 79)
(5167, 79)
(5168, 79)
(5169, 80)
(5170, 80)
(5171, 80)
(5172, 79)
(5173, 80)
(5174, 80)
(5175, 80)
(5176, 79)
(5177, 79)
(5178, 79)
(5179, 79)
(5180, 79)
(5181, 78)
(5182, 78)
(5183, 78)
(5184, 78)
(5185, 78)
(5186, 78)
(5187, 78)
(5188, 78)
(5189, 78)
(5190, 78)
(5191, 78)
(5192, 78)
(5193, 78)
(5194, 78)
(5195, 78)
(5196, 79)
(5197, 78)
(5198, 78)
(5199, 78)
(5200, 79)
(5201, 79)
(5202, 79)
(5203, 79)
(5204, 79)
(5205, 79)
(5206, 79)
(5207, 79)
(5208, 79)
(5209, 79)
(5210, 79)
(5211, 79)
(5212, 79)
(5213, 79)
(5214, 79)
(5215, 79)
(5216, 79)
(5217, 79)
(5218, 80)
(5219, 80)
(5220, 80)
(5221, 79)
(5222, 80)
(5223, 79)
(5224, 79)
(5225, 79)
(5226, 79)
(5227, 78)
(5228, 79)
(5229, 79)
(5230, 79)
(5231, 79)
(5232, 79)
(5233, 80)
(5234, 80)
(5235, 80)
(5236, 80)
(5237, 80)
(5238, 80)
(5239, 79)
(5240, 80)
(5241, 79)
(5242, 79)
(5243, 79)
(5244, 78)
(5245, 78)
(5246, 78)
(5247, 78)
(5248, 78)
(5249, 79)
(5250, 78)
(5251, 78)
(5252, 78)
(5253, 78)
(5254, 78)
(5255, 78)
(5256, 78)
(5257, 78)
(5258, 79)
(5259, 79)
(5260, 78)
(5261, 78)
(5262, 78)
(5263, 78)
(5264, 78)
(5265, 78)
(5266, 77)
(5267, 78)
(5268, 78)
(5269, 77)
(5270, 77)
(5271, 78)
(5272, 77)
(5273, 77)
(5274, 77)
(5275, 77)
(5276, 78)
(5277, 78)
(5278, 77)
(5279, 77)
(5280, 78)
(5281, 77)
(5282, 77)
(5283, 77)
(5284, 78)
(5285, 78)
(5286, 78)
(5287, 78)
(5288, 78)
(5289, 78)
(5290, 77)
(5291, 77)
(5292, 77)
(5293, 78)
(5294, 78)
(5295, 78)
(5296, 78)
(5297, 78)
(5298, 78)
(5299, 78)
(5300, 78)
(5301, 78)
(5302, 78)
(5303, 78)
(5304, 78)
(5305, 78)
(5306, 78)
(5307, 79)
(5308, 79)
(5309, 79)
(5310, 79)
(5311, 79)
(5312, 79)
(5313, 79)
(5314, 79)
(5315, 78)
(5316, 79)
(5317, 79)
(5318, 79)
(5319, 79)
(5320, 79)
(5321, 79)
(5322, 79)
(5323, 78)
(5324, 78)
(5325, 78)
(5326, 78)
(5327, 78)
(5328, 77)
(5329, 78)
(5330, 78)
(5331, 78)
(5332, 78)
(5333, 78)
(5334, 78)
(5335, 78)
(5336, 78)
(5337, 78)
(5338, 78)
(5339, 78)
(5340, 77)
(5341, 77)
(5342, 77)
(5343, 77)
(5344, 77)
(5345, 78)
(5346, 77)
(5347, 77)
(5348, 77)
(5349, 77)
(5350, 77)
(5351, 77)
(5352, 78)
(5353, 78)
(5354, 78)
(5355, 77)
(5356, 78)
(5357, 78)
(5358, 78)
(5359, 78)
(5360, 78)
(5361, 78)
(5362, 78)
(5363, 78)
(5364, 78)
(5365, 78)
(5366, 78)
(5367, 78)
(5368, 78)
(5369, 78)
(5370, 78)
(5371, 78)
(5372, 78)
(5373, 78)
(5374, 78)
(5375, 78)
(5376, 78)
(5377, 78)
(5378, 78)
(5379, 78)
(5380, 78)
(5381, 78)
(5382, 79)
(5383, 78)
(5384, 78)
(5385, 78)
(5386, 78)
(5387, 78)
(5388, 78)
(5389, 77)
(5390, 78)
(5391, 78)
(5392, 78)
(5393, 78)
(5394, 79)
(5395, 79)
(5396, 79)
(5397, 79)
(5398, 80)
(5399, 80)
(5400, 79)
(5401, 79)
(5402, 79)
(5403, 79)
(5404, 80)
(5405, 80)
(5406, 80)
(5407, 80)
(5408, 80)
(5409, 80)
(5410, 80)
(5411, 80)
(5412, 80)
(5413, 80)
(5414, 80)
(5415, 80)
(5416, 79)
(5417, 79)
(5418, 79)
(5419, 78)
(5420, 78)
(5421, 78)
(5422, 78)
(5423, 77)
(5424, 77)
(5425, 77)
(5426, 78)
(5427, 78)
(5428, 78)
(5429, 77)
(5430, 77)
(5431, 77)
(5432, 77)
(5433, 77)
(5434, 78)
(5435, 78)
(5436, 78)
(5437, 77)
(5438, 77)
(5439, 77)
(5440, 77)
(5441, 77)
(5442, 78)
(5443, 78)
(5444, 78)
(5445, 78)
(5446, 78)
(5447, 78)
(5448, 78)
(5449, 78)
(5450, 78)
(5451, 78)
(5452, 78)
(5453, 79)
(5454, 79)
(5455, 79)
(5456, 78)
(5457, 78)
(5458, 78)
(5459, 78)
(5460, 78)
(5461, 78)
(5462, 78)
(5463, 78)
(5464, 78)
(5465, 79)
(5466, 79)
(5467, 79)
(5468, 80)
(5469, 80)
(5470, 80)
(5471, 80)
(5472, 80)
(5473, 80)
(5474, 81)
(5475, 80)
(5476, 81)
(5477, 81)
(5478, 81)
(5479, 81)
(5480, 80)
(5481, 80)
(5482, 80)
(5483, 80)
(5484, 79)
(5485, 80)
(5486, 80)
(5487, 80)
(5488, 80)
(5489, 80)
(5490, 80)
(5491, 80)
(5492, 80)
(5493, 80)
(5494, 80)
(5495, 80)
(5496, 80)
(5497, 80)
(5498, 80)
(5499, 80)
(5500, 80)
(5501, 80)
(5502, 80)
(5503, 80)
(5504, 80)
(5505, 80)
(5506, 79)
(5507, 79)
(5508, 79)
(5509, 79)
(5510, 79)
(5511, 79)
(5512, 78)
(5513, 78)
(5514, 78)
(5515, 79)
(5516, 78)
(5517, 78)
(5518, 78)
(5519, 79)
(5520, 79)
(5521, 78)
(5522, 78)
(5523, 78)
(5524, 78)
(5525, 78)
(5526, 78)
(5527, 78)
(5528, 78)
(5529, 78)
(5530, 78)
(5531, 78)
(5532, 78)
(5533, 78)
(5534, 78)
(5535, 77)
(5536, 78)
(5537, 78)
(5538, 78)
(5539, 78)
(5540, 78)
(5541, 78)
(5542, 78)
(5543, 78)
(5544, 78)
(5545, 79)
(5546, 79)
(5547, 79)
(5548, 79)
(5549, 79)
(5550, 79)
(5551, 79)
(5552, 79)
(5553, 79)
(5554, 79)
(5555, 79)
(5556, 79)
(5557, 80)
(5558, 80)
(5559, 80)
(5560, 80)
(5561, 80)
(5562, 80)
(5563, 80)
(5564, 80)
(5565, 79)
(5566, 79)
(5567, 79)
(5568, 79)
(5569, 79)
(5570, 79)
(5571, 79)
(5572, 79)
(5573, 79)
(5574, 79)
(5575, 79)
(5576, 79)
(5577, 79)
(5578, 79)
(5579, 79)
(5580, 79)
(5581, 79)
(5582, 79)
(5583, 79)
(5584, 79)
(5585, 78)
(5586, 78)
(5587, 78)
(5588, 78)
(5589, 78)
(5590, 78)
(5591, 78)
(5592, 78)
(5593, 79)
(5594, 79)
(5595, 79)
(5596, 79)
(5597, 79)
(5598, 79)
(5599, 79)
(5600, 79)
(5601, 79)
(5602, 78)
(5603, 78)
(5604, 78)
(5605, 78)
(5606, 78)
(5607, 78)
(5608, 77)
(5609, 77)
(5610, 77)
(5611, 78)
(5612, 78)
(5613, 78)
(5614, 78)
(5615, 78)
(5616, 78)
(5617, 78)
(5618, 78)
(5619, 78)
(5620, 79)
(5621, 78)
(5622, 78)
(5623, 78)
(5624, 78)
(5625, 78)
(5626, 79)
(5627, 79)
(5628, 79)
(5629, 78)
(5630, 78)
(5631, 78)
(5632, 78)
(5633, 79)
(5634, 79)
(5635, 80)
(5636, 79)
(5637, 79)
(5638, 79)
(5639, 79)
(5640, 79)
(5641, 79)
(5642, 79)
(5643, 79)
(5644, 79)
(5645, 79)
(5646, 79)
(5647, 79)
(5648, 79)
(5649, 79)
(5650, 79)
(5651, 79)
(5652, 79)
(5653, 78)
(5654, 78)
(5655, 78)
(5656, 78)
(5657, 78)
(5658, 79)
(5659, 78)
(5660, 78)
(5661, 79)
(5662, 80)
(5663, 79)
(5664, 79)
(5665, 79)
(5666, 80)
(5667, 80)
(5668, 80)
(5669, 80)
(5670, 80)
(5671, 80)
(5672, 80)
(5673, 80)
(5674, 80)
(5675, 80)
(5676, 80)
(5677, 79)
(5678, 79)
(5679, 79)
(5680, 79)
(5681, 80)
(5682, 80)
(5683, 81)
(5684, 80)
(5685, 80)
(5686, 80)
(5687, 80)
(5688, 79)
(5689, 79)
(5690, 79)
(5691, 79)
(5692, 79)
(5693, 80)
(5694, 79)
(5695, 79)
(5696, 79)
(5697, 79)
(5698, 79)
(5699, 79)
(5700, 79)
(5701, 79)
(5702, 79)
(5703, 79)
(5704, 79)
(5705, 79)
(5706, 80)
(5707, 80)
(5708, 80)
(5709, 80)
(5710, 80)
(5711, 80)
(5712, 80)
(5713, 80)
(5714, 80)
(5715, 80)
(5716, 80)
(5717, 80)
(5718, 79)
(5719, 79)
(5720, 79)
(5721, 78)
(5722, 78)
(5723, 78)
(5724, 78)
(5725, 78)
(5726, 78)
(5727, 78)
(5728, 78)
(5729, 78)
(5730, 77)
(5731, 78)
(5732, 78)
(5733, 78)
(5734, 78)
(5735, 78)
(5736, 78)
(5737, 78)
(5738, 78)
(5739, 79)
(5740, 79)
(5741, 79)
(5742, 79)
(5743, 79)
(5744, 79)
(5745, 80)
(5746, 80)
(5747, 79)
(5748, 79)
(5749, 79)
(5750, 79)
(5751, 79)
(5752, 79)
(5753, 79)
(5754, 79)
(5755, 79)
(5756, 79)
(5757, 78)
(5758, 78)
(5759, 78)
(5760, 78)
(5761, 78)
(5762, 78)
(5763, 78)
(5764, 78)
(5765, 78)
(5766, 78)
(5767, 78)
(5768, 78)
(5769, 78)
(5770, 78)
(5771, 78)
(5772, 78)
(5773, 78)
(5774, 78)
(5775, 78)
(5776, 78)
(5777, 77)
(5778, 78)
(5779, 78)
(5780, 78)
(5781, 78)
(5782, 78)
(5783, 79)
(5784, 79)
(5785, 79)
(5786, 79)
(5787, 79)
(5788, 78)
(5789, 78)
(5790, 78)
(5791, 78)
(5792, 78)
(5793, 78)
(5794, 78)
(5795, 78)
(5796, 78)
(5797, 78)
(5798, 78)
(5799, 78)
(5800, 79)
(5801, 79)
(5802, 78)
(5803, 79)
(5804, 79)
(5805, 79)
(5806, 78)
(5807, 79)
(5808, 79)
(5809, 79)
(5810, 79)
(5811, 78)
(5812, 78)
(5813, 78)
(5814, 77)
(5815, 77)
(5816, 78)
(5817, 78)
(5818, 78)
(5819, 78)
(5820, 78)
(5821, 78)
(5822, 78)
(5823, 79)
(5824, 79)
(5825, 79)
(5826, 79)
(5827, 79)
(5828, 79)
(5829, 80)
(5830, 80)
(5831, 80)
(5832, 80)
(5833, 80)
(5834, 80)
(5835, 80)
(5836, 80)
(5837, 79)
(5838, 80)
(5839, 79)
(5840, 79)
(5841, 79)
(5842, 79)
(5843, 79)
(5844, 79)
(5845, 80)
(5846, 80)
(5847, 80)
(5848, 79)
(5849, 80)
(5850, 80)
(5851, 80)
(5852, 80)
(5853, 80)
(5854, 80)
(5855, 80)
(5856, 80)
(5857, 80)
(5858, 80)
(5859, 79)
(5860, 79)
(5861, 78)
(5862, 78)
(5863, 78)
(5864, 78)
(5865, 78)
(5866, 77)
(5867, 78)
(5868, 78)
(5869, 78)
(5870, 78)
(5871, 79)
(5872, 78)
(5873, 78)
(5874, 78)
(5875, 78)
(5876, 78)
(5877, 78)
(5878, 78)
(5879, 78)
(5880, 78)
(5881, 78)
(5882, 78)
(5883, 78)
(5884, 78)
(5885, 78)
(5886, 78)
(5887, 78)
(5888, 77)
(5889, 78)
(5890, 79)
(5891, 78)
(5892, 78)
(5893, 78)
(5894, 78)
(5895, 78)
(5896, 78)
(5897, 78)
(5898, 78)
(5899, 78)
(5900, 78)
(5901, 78)
(5902, 78)
(5903, 79)
(5904, 79)
(5905, 79)
(5906, 78)
(5907, 78)
(5908, 78)
(5909, 78)
(5910, 78)
(5911, 78)
(5912, 78)
(5913, 78)
(5914, 78)
(5915, 78)
(5916, 78)
(5917, 79)
(5918, 79)
(5919, 79)
(5920, 79)
(5921, 78)
(5922, 78)
(5923, 79)
(5924, 78)
(5925, 78)
(5926, 78)
(5927, 78)
(5928, 78)
(5929, 78)
(5930, 79)
(5931, 79)
(5932, 79)
(5933, 79)
(5934, 79)
(5935, 79)
(5936, 79)
(5937, 79)
(5938, 79)
(5939, 79)
(5940, 79)
(5941, 79)
(5942, 79)
(5943, 79)
(5944, 79)
(5945, 79)
(5946, 79)
(5947, 78)
(5948, 78)
(5949, 78)
(5950, 78)
(5951, 78)
(5952, 77)
(5953, 77)
(5954, 78)
(5955, 77)
(5956, 77)
(5957, 77)
(5958, 77)
(5959, 77)
(5960, 78)
(5961, 78)
(5962, 78)
(5963, 79)
(5964, 79)
(5965, 79)
(5966, 79)
(5967, 79)
(5968, 79)
(5969, 79)
(5970, 79)
(5971, 79)
(5972, 79)
(5973, 79)
(5974, 79)
(5975, 79)
(5976, 79)
(5977, 79)
(5978, 79)
(5979, 79)
(5980, 79)
(5981, 79)
(5982, 79)
(5983, 79)
(5984, 79)
(5985, 79)
(5986, 79)
(5987, 79)
(5988, 79)
(5989, 79)
(5990, 79)
(5991, 79)
(5992, 79)
(5993, 79)
(5994, 79)
(5995, 79)
(5996, 79)
(5997, 79)
(5998, 79)
(5999, 80)
(6000, 79)
#GA RELOADED 2.0.1A RELOADED GRAPH OPENED Time: 18:54:58 Date: 02/08/20 AvgPerTick.txt#
#GENETICAL ALGORITHM STANDART FUNCTION#
(1, 51)
(2, 52)
(3, 52)
(4, 51)
(5, 52)
(6, 52)
(7, 52)
(8, 52)
(9, 52)
(10, 52)
(11, 52)
(12, 52)
(13, 52)
(14, 52)
(15, 52)
(16, 52)
(17, 52)
(18, 53)
(19, 53)
(20, 52)
(21, 53)
(22, 53)
(23, 52)
(24, 52)
(25, 52)
(26, 52)
(27, 52)
(28, 53)
(29, 52)
(30, 52)
(31, 52)
(32, 53)
(33, 53)
(34, 53)
(35, 53)
(36, 53)
(37, 52)
(38, 52)
(39, 52)
(40, 52)
(41, 52)
(42, 52)
(43, 53)
(44, 52)
(45, 53)
(46, 53)
(47, 52)
(48, 53)
(49, 53)
(50, 52)
(51, 52)
(52, 52)
(53, 52)
(54, 52)
(55, 52)
(56, 53)
(57, 53)
(58, 53)
(59, 52)
(60, 52)
(61, 52)
(62, 52)
(63, 52)
(64, 52)
(65, 53)
(66, 52)
(67, 52)
(68, 52)
(69, 52)
(70, 52)
(71, 52)
(72, 52)
(73, 52)
(74, 52)
(75, 52)
(76, 52)
(77, 52)
(78, 52)
(79, 53)
(80, 52)
(81, 52)
(82, 52)
(83, 52)
(84, 52)
(85, 52)
(86, 52)
(87, 52)
(88, 52)
(89, 52)
(90, 52)
(91, 52)
(92, 52)
(93, 52)
(94, 52)
(95, 52)
(96, 52)
(97, 52)
(98, 52)
(99, 52)
(100, 53)
(101, 52)
(102, 52)
(103, 53)
(104, 53)
(105, 52)
(106, 52)
(107, 52)
(108, 53)
(109, 53)
(110, 52)
(111, 52)
(112, 52)
(113, 52)
(114, 52)
(115, 51)
(116, 52)
(117, 53)
(118, 52)
(119, 52)
(120, 52)
(121, 52)
(122, 52)
(123, 52)
(124, 52)
(125, 52)
(126, 52)
(127, 52)
(128, 52)
(129, 52)
(130, 52)
(131, 52)
(132, 51)
(133, 52)
(134, 52)
(135, 52)
(136, 52)
(137, 52)
(138, 53)
(139, 53)
(140, 52)
(141, 52)
(142, 52)
(143, 53)
(144, 52)
(145, 53)
(146, 53)
(147, 53)
(148, 52)
(149, 52)
(150, 52)
(151, 53)
(152, 53)
(153, 53)
(154, 52)
(155, 53)
(156, 53)
(157, 52)
(158, 52)
(159, 53)
(160, 52)
(161, 53)
(162, 52)
(163, 52)
(164, 53)
(165, 53)
(166, 53)
(167, 53)
(168, 53)
(169, 53)
(170, 53)
(171, 52)
(172, 53)
(173, 52)
(174, 52)
(175, 52)
(176, 52)
(177, 52)
(178, 52)
(179, 53)
(180, 52)
(181, 52)
(182, 52)
(183, 52)
(184, 52)
(185, 52)
(186, 52)
(187, 52)
(188, 52)
(189, 52)
(190, 52)
(191, 52)
(192, 52)
(193, 53)
(194, 53)
(195, 52)
(196, 53)
(197, 53)
(198, 53)
(199, 53)
(200, 52)
(201, 52)
(202, 53)
(203, 53)
(204, 52)
(205, 52)
(206, 52)
(207, 53)
(208, 53)
(209, 52)
(210, 52)
(211, 53)
(212, 53)
(213, 53)
(214, 52)
(215, 53)
(216, 52)
(217, 52)
(218, 52)
(219, 52)
(220, 52)
(221, 52)
(222, 52)
(223, 52)
(224, 53)
(225, 53)
(226, 52)
(227, 52)
(228, 52)
(229, 52)
(230, 52)
(231, 51)
(232, 52)
(233, 53)
(234, 52)
(235, 53)
(236, 52)
(237, 53)
(238, 52)
(239, 52)
(240, 52)
(241, 52)
(242, 52)
(243, 52)
(244, 52)
(245, 52)
(246, 52)
(247, 52)
(248, 52)
(249, 52)
(250, 52)
(251, 52)
(252, 52)
(253, 53)
(254, 53)
(255, 52)
(256, 53)
(257, 53)
(258, 53)
(259, 53)
(260, 53)
(261, 52)
(262, 53)
(263, 53)
(264, 52)
(265, 53)
(266, 52)
(267, 53)
(268, 52)
(269, 52)
(270, 52)
(271, 52)
(272, 52)
(273, 53)
(274, 52)
(275, 52)
(276, 52)
(277, 52)
(278, 52)
(279, 52)
(280, 52)
(281, 52)
(282, 52)
(283, 52)
(284, 52)
(285, 52)
(286, 52)
(287, 52)
(288, 52)
(289, 52)
(290, 52)
(291, 52)
(292, 52)
(293, 52)
(294, 52)
(295, 52)
(296, 52)
(297, 52)
(298, 52)
(299, 52)
(300, 52)
(301, 52)
(302, 52)
(303, 52)
(304, 51)
(305, 52)
(306, 53)
(307, 52)
(308, 52)
(309, 53)
(310, 52)
(311, 52)
(312, 51)
(313, 52)
(314, 53)
(315, 52)
(316, 53)
(317, 52)
(318, 52)
(319, 52)
(320, 52)
(321, 52)
(322, 52)
(323, 52)
(324, 52)
(325, 51)
(326, 52)
(327, 52)
(328, 52)
(329, 52)
(330, 52)
(331, 52)
(332, 52)
(333, 51)
(334, 52)
(335, 52)
(336, 52)
(337, 52)
(338, 51)
(339, 52)
(340, 52)
(341, 52)
(342, 52)
(343, 52)
(344, 53)
(345, 53)
(346, 52)
(347, 52)
(348, 52)
(349, 52)
(350, 52)
(351, 52)
(352, 53)
(353, 53)
(354, 52)
(355, 52)
(356, 52)
(357, 52)
(358, 52)
(359, 52)
(360, 53)
(361, 53)
(362, 52)
(363, 52)
(364, 52)
(365, 52)
(366, 52)
(367, 52)
(368, 52)
(369, 53)
(370, 52)
(371, 52)
(372, 52)
(373, 53)
(374, 52)
(375, 52)
(376, 52)
(377, 52)
(378, 52)
(379, 52)
(380, 52)
(381, 52)
(382, 53)
(383, 53)
(384, 52)
(385, 52)
(386, 53)
(387, 53)
(388, 53)
(389, 53)
(390, 52)
(391, 52)
(392, 52)
(393, 52)
(394, 52)
(395, 52)
(396, 52)
(397, 52)
(398, 52)
(399, 53)
(400, 52)
(401, 52)
(402, 52)
(403, 52)
(404, 53)
(405, 52)
(406, 52)
(407, 53)
(408, 53)
(409, 53)
(410, 52)
(411, 52)
(412, 53)
(413, 53)
(414, 53)
(415, 52)
(416, 52)
(417, 52)
(418, 53)
(419, 53)
(420, 53)
(421, 52)
(422, 52)
(423, 52)
(424, 52)
(425, 52)
(426, 53)
(427, 52)
(428, 52)
(429, 52)
(430, 52)
(431, 52)
(432, 53)
(433, 53)
(434, 53)
(435, 52)
(436, 52)
(437, 52)
(438, 53)
(439, 52)
(440, 52)
(441, 52)
(442, 52)
(443, 53)
(444, 52)
(445, 52)
(446, 52)
(447, 52)
(448, 52)
(449, 52)
(450, 52)
(451, 53)
(452, 52)
(453, 52)
(454, 52)
(455, 52)
(456, 52)
(457, 52)
(458, 51)
(459, 52)
(460, 53)
(461, 52)
(462, 52)
(463, 52)
(464, 52)
(465, 53)
(466, 51)
(467, 52)
(468, 52)
(469, 52)
(470, 52)
(471, 52)
(472, 52)
(473, 53)
(474, 52)
(475, 52)
(476, 53)
(477, 52)
(478, 52)
(479, 52)
(480, 52)
(481, 53)
(482, 53)
(483, 52)
(484, 52)
(485, 52)
(486, 52)
(487, 52)
(488, 52)
(489, 53)
(490, 53)
(491, 52)
(492, 52)
(493, 52)
(494, 52)
(495, 51)
(496, 51)
(497, 52)
(498, 53)
(499, 52)
(500, 53)
(501, 53)
(502, 53)
(503, 53)
(504, 53)
(505, 52)
(506, 53)
(507, 52)
(508, 52)
(509, 52)
(510, 52)
(511, 52)
(512, 51)
(513, 51)
(514, 52)
(515, 53)
(516, 53)
(517, 53)
(518, 53)
(519, 53)
(520, 53)
(521, 53)
(522, 53)
(523, 53)
(524, 52)
(525, 53)
(526, 52)
(527, 53)
(528, 53)
(529, 53)
(530, 53)
(531, 52)
(532, 52)
(533, 53)
(534, 52)
(535, 52)
(536, 52)
(537, 53)
(538, 52)
(539, 52)
(540, 52)
(541, 52)
(542, 52)
(543, 52)
(544, 52)
(545, 53)
(546, 52)
(547, 52)
(548, 52)
(549, 52)
(550, 53)
(551, 52)
(552, 52)
(553, 53)
(554, 52)
(555, 52)
(556, 52)
(557, 52)
(558, 53)
(559, 52)
(560, 52)
(561, 52)
(562, 52)
(563, 53)
(564, 52)
(565, 52)
(566, 53)
(567, 52)
(568, 52)
(569, 52)
(570, 52)
(571, 53)
(572, 52)
(573, 52)
(574, 52)
(575, 52)
(576, 52)
(577, 53)
(578, 53)
(579, 52)
(580, 52)
(581, 52)
(582, 52)
(583, 52)
(584, 52)
(585, 52)
(586, 52)
(587, 52)
(588, 53)
(589, 52)
(590, 52)
(591, 52)
(592, 52)
(593, 52)
(594, 52)
(595, 52)
(596, 52)
(597, 52)
(598, 52)
(599, 52)
(600, 52)
(601, 53)
(602, 52)
(603, 52)
(604, 52)
(605, 52)
(606, 53)
(607, 53)
(608, 53)
(609, 53)
(610, 53)
(611, 53)
(612, 52)
(613, 52)
(614, 52)
(615, 52)
(616, 52)
(617, 52)
(618, 52)
(619, 52)
(620, 52)
(621, 52)
(622, 52)
(623, 52)
(624, 52)
(625, 52)
(626, 52)
(627, 52)
(628, 52)
(629, 52)
(630, 52)
(631, 53)
(632, 52)
(633, 52)
(634, 52)
(635, 53)
(636, 53)
(637, 52)
(638, 52)
(639, 52)
(640, 53)
(641, 52)
(642, 52)
(643, 53)
(644, 52)
(645, 52)
(646, 52)
(647, 52)
(648, 53)
(649, 53)
(650, 52)
(651, 52)
(652, 52)
(653, 52)
(654, 52)
(655, 52)
(656, 53)
(657, 53)
(658, 52)
(659, 52)
(660, 52)
(661, 52)
(662, 52)
(663, 52)
(664, 52)
(665, 52)
(666, 52)
(667, 53)
(668, 53)
(669, 53)
(670, 53)
(671, 53)
(672, 53)
(673, 53)
(674, 52)
(675, 52)
(676, 52)
(677, 52)
(678, 53)
(679, 52)
(680, 52)
(681, 53)
(682, 52)
(683, 52)
(684, 52)
(685, 52)
(686, 53)
(687, 53)
(688, 52)
(689, 52)
(690, 52)
(691, 52)
(692, 52)
(693, 52)
(694, 52)
(695, 52)
(696, 52)
(697, 52)
(698, 52)
(699, 52)
(700, 52)
(701, 52)
(702, 52)
(703, 53)
(704, 53)
(705, 52)
(706, 52)
(707, 53)
(708, 53)
(709, 52)
(710, 52)
(711, 53)
(712, 53)
(713, 52)
(714, 52)
(715, 52)
(716, 52)
(717, 53)
(718, 52)
(719, 52)
(720, 52)
(721, 52)
(722, 52)
(723, 52)
(724, 52)
(725, 52)
(726, 52)
(727, 52)
(728, 53)
(729, 52)
(730, 53)
(731, 52)
(732, 52)
(733, 52)
(734, 52)
(735, 51)
(736, 52)
(737, 52)
(738, 52)
(739, 52)
(740, 51)
(741, 52)
(742, 53)
(743, 52)
(744, 53)
(745, 53)
(746, 53)
(747, 53)
(748, 52)
(749, 52)
(750, 52)
(751, 52)
(752, 52)
(753, 52)
(754, 52)
(755, 52)
(756, 52)
(757, 52)
(758, 52)
(759, 53)
(760, 53)
(761, 53)
(762, 53)
(763, 53)
(764, 53)
(765, 52)
(766, 53)
(767, 53)
(768, 53)
(769, 53)
(770, 52)
(771, 53)
(772, 53)
(773, 53)
(774, 53)
(775, 52)
(776, 52)
(777, 52)
(778, 52)
(779, 52)
(780, 52)
(781, 52)
(782, 52)
(783, 52)
#GA RELOADED 2.0.1A RELOADED GRAPH OPENED Time: 19:32:56 Date: 02/08/20 AvgPerTick.txt#
#GENETICAL ALGORITHM STANDART FUNCTION#
(1, 10)
(2, 11)
(3, 12)
(4, 13)
(5, 15)
(6, 15)
(7, 16)
(8, 16)
(9, 16)
(10, 16)
(11, 17)
(12, 17)
(13, 17)
(14, 17)
(15, 17)
(16, 18)
(17, 18)
(18, 18)
(19, 18)
(20, 18)
(21, 18)
(22, 18)
(23, 18)
(24, 18)
(25, 18)
(26, 18)
(27, 18)
(28, 18)
(29, 18)
(30, 18)
(31, 17)
(32, 18)
(33, 17)
(34, 18)
(35, 18)
(36, 18)
(37, 18)
(38, 18)
(39, 18)
(40, 18)
(41, 18)
(42, 18)
(43, 18)
(44, 18)
(45, 18)
(46, 18)
(47, 18)
(48, 18)
(49, 18)
(50, 18)
(51, 18)
(52, 18)
(53, 19)
(54, 19)
(55, 18)
(56, 18)
(57, 19)
(58, 18)
(59, 18)
(60, 19)
(61, 18)
(62, 18)
(63, 18)
(64, 19)
(65, 18)
(66, 18)
(67, 18)
(68, 18)
(69, 18)
(70, 18)
(71, 19)
(72, 18)
(73, 18)
(74, 18)
(75, 18)
(76, 18)
(77, 18)
(78, 18)
(79, 18)
(80, 18)
(81, 18)
(82, 18)
(83, 18)
(84, 18)
(85, 18)
(86, 18)
(87, 18)
(88, 18)
(89, 19)
(90, 19)
(91, 19)
(92, 19)
(93, 18)
(94, 18)
(95, 18)
(96, 18)
(97, 18)
(98, 18)
(99, 18)
(100, 18)