
#GA RELOADED 2.0.1A RELOADED GRAPH OPENED Time: 17:53:54 Date: 02/08/20 BestQualAll.txt#
#GENETICAL ALGORITHM STANDART FUNCTION#
(1, 63)
(2, 69)
(3, 69)
(4, 69)
(5, 69)
(6, 72)
(7, 73)
(8, 73)
(9, 74)
(10, 79)
(11, 79)
(12, 79)
(13, 79)
(14, 83)
(15, 83)
(16, 83)
(17, 84)
(18, 86)
(19, 86)
(20, 86)
(21, 86)
(22, 86)
(23, 86)
(24, 87)
(25, 87)
(26, 87)
(27, 87)
(28, 87)
(29, 88)
(30, 88)
(31, 88)
(32, 88)
(33, 88)
(34, 88)
(35, 88)
(36, 88)
(37, 88)
(38, 88)
(39, 88)
(40, 88)
(41, 88)
(42, 88)
(43, 88)
(44, 89)
(45, 89)
(46, 89)
(47, 89)
(48, 89)
(49, 89)
(50, 89)
(51, 90)
(52, 90)
(53, 90)
(54, 90)
(55, 90)
(56, 90)
(57, 90)
(58, 90)
(59, 90)
(60, 90)
(61, 90)
(62, 90)
(63, 90)
(64, 90)
(65, 90)
(66, 90)
(67, 90)
(68, 90)
(69, 90)
(70, 90)
(71, 90)
(72, 90)
(73, 90)
(74, 90)
(75, 90)
(76, 90)
(77, 90)
(78, 90)
(79, 90)
(80, 92)
(81, 92)
(82, 92)
(83, 92)
(84, 92)
(85, 92)
(86, 92)
(87, 92)
(88, 92)
(89, 92)
(90, 92)
(91, 92)
(92, 92)
(93, 92)
(94, 92)
(95, 92)
(96, 92)
(97, 92)
(98, 92)
(99, 92)
(100, 92)
(101, 92)
(102, 92)
(103, 92)
(104, 92)
(105, 92)
(106, 92)
(107, 92)
(108, 92)
(109, 92)
(110, 92)
(111, 92)
(112, 92)
(113, 92)
(114, 92)
(115, 92)
(116, 92)
(117, 92)
(118, 92)
(119, 92)
(120, 92)
(121, 92)
(122, 92)
(123, 92)
(124, 92)
(125, 92)
(126, 92)
(127, 92)
(128, 92)
(129, 92)
(130, 92)
(131, 92)
(132, 92)
(133, 92)
(134, 92)
(135, 92)
(136, 92)
(137, 92)
(138, 92)
(139, 92)
(140, 92)
(141, 92)
(142, 92)
(143, 92)
(144, 92)
(145, 92)
(146, 92)
(147, 92)
(148, 92)
(149, 92)
(150, 92)
(151, 92)
(152, 92)
(153, 92)
(154, 92)
(155, 92)
(156, 92)
(157, 92)
(158, 92)
(159, 92)
(160, 92)
(161, 92)
(162, 92)
(163, 92)
(164, 92)
(165, 92)
(166, 92)
(167, 92)
(168, 92)
(169, 92)
(170, 92)
(171, 92)
(172, 92)
(173, 92)
(174, 92)
(175, 92)
(176, 92)
(177, 92)
(178, 92)
(179, 92)
(180, 92)
(181, 92)
(182, 92)
(183, 92)
(184, 92)
(185, 92)
(186, 92)
(187, 92)
(188, 92)
(189, 92)
(190, 92)
(191, 92)
(192, 92)
(193, 92)
(194, 92)
(195, 92)
(196, 92)
(197, 92)
(198, 92)
(199, 92)
(200, 92)
(201, 92)
(202, 92)
(203, 92)
(204, 92)
(205, 92)
(206, 92)
(207, 92)
(208, 92)
(209, 92)
(210, 92)
(211, 92)
(212, 92)
(213, 92)
(214, 92)
(215, 92)
(216, 92)
(217, 92)
(218, 92)
(219, 92)
(220, 92)
(221, 92)
(222, 92)
(223, 92)
(224, 92)
(225, 92)
(226, 92)
(227, 92)
(228, 92)
(229, 92)
(230, 92)
(231, 92)
(232, 92)
(233, 92)
(234, 92)
(235, 92)
(236, 92)
(237, 93)
(238, 93)
(239, 93)
(240, 93)
(241, 93)
(242, 93)
(243, 93)
(244, 93)
(245, 93)
(246, 93)
(247, 93)
(248, 93)
(249, 93)
(250, 93)
(251, 93)
(252, 93)
(253, 93)
(254, 93)
(255, 93)
(256, 93)
(257, 93)
(258, 93)
(259, 93)
(260, 93)
(261, 93)
(262, 93)
(263, 93)
(264, 93)
(265, 93)
(266, 93)
(267, 93)
(268, 93)
(269, 93)
(270, 93)
(271, 93)
(272, 93)
(273, 93)
(274, 93)
(275, 93)
(276, 93)
(277, 93)
(278, 93)
(279, 93)
(280, 93)
(281, 93)
(282, 93)
(283, 93)
(284, 93)
(285, 93)
(286, 93)
(287, 93)
(288, 93)
(289, 93)
(290, 93)
(291, 93)
(292, 93)
(293, 93)
(294, 93)
(295, 93)
(296, 93)
(297, 93)
(298, 93)
(299, 93)
(300, 93)
(301, 93)
(302, 93)
(303, 93)
(304, 93)
(305, 93)
(306, 93)
(307, 93)
(308, 93)
(309, 93)
(310, 93)
(311, 93)
(312, 93)
(313, 93)
(314, 93)
(315, 93)
(316, 93)
(317, 93)
(318, 93)
(319, 93)
(320, 93)
(321, 93)
(322, 93)
(323, 93)
(324, 93)
(325, 93)
(326, 93)
(327, 93)
(328, 93)
(329, 93)
(330, 93)
(331, 93)
(332, 93)
(333, 93)
(334, 93)
(335, 93)
(336, 93)
(337, 93)
(338, 93)
(339, 93)
(340, 93)
(341, 93)
(342, 93)
(343, 93)
(344, 93)
(345, 93)
(346, 93)
(347, 93)
(348, 93)
(349, 93)
(350, 93)
(351, 93)
(352, 93)
(353, 93)
(354, 93)
(355, 93)
(356, 93)
(357, 93)
(358, 93)
(359, 93)
(360, 93)
(361, 93)
(362, 93)
(363, 93)
(364, 93)
(365, 93)
(366, 93)
(367, 93)
(368, 93)
(369, 93)
(370, 93)
(371, 93)
(372, 93)
(373, 93)
(374, 93)
(375, 93)
(376, 93)
(377, 93)
(378, 93)
(379, 93)
(380, 93)
(381, 93)
(382, 93)
(383, 93)
(384, 93)
(385, 93)
(386, 93)
(387, 93)
(388, 93)
(389, 93)
(390, 93)
(391, 93)
(392, 93)
(393, 93)
(394, 93)
(395, 93)
(396, 93)
(397, 93)
(398, 93)
(399, 93)
(400, 93)
(401, 93)
(402, 93)
(403, 93)
(404, 93)
(405, 93)
(406, 93)
(407, 93)
(408, 93)
(409, 93)
(410, 93)
(411, 93)
(412, 93)
(413, 93)
(414, 93)
(415, 93)
(416, 93)
(417, 93)
(418, 93)
(419, 93)
(420, 93)
(421, 93)
(422, 93)
(423, 93)
(424, 93)
(425, 93)
(426, 93)
(427, 93)
(428, 93)
(429, 93)
(430, 93)
(431, 93)
(432, 93)
(433, 93)
(434, 93)
(435, 93)
(436, 93)
(437, 93)
(438, 93)
(439, 93)
(440, 93)
(441, 93)
(442, 93)
(443, 93)
(444, 93)
(445, 93)
(446, 93)
(447, 93)
(448, 93)
(449, 93)
(450, 93)
(451, 93)
(452, 93)
(453, 93)
(454, 93)
(455, 93)
(456, 93)
(457, 93)
(458, 93)
(459, 93)
(460, 93)
(461, 93)
(462, 93)
(463, 93)
(464, 93)
(465, 93)
(466, 93)
(467, 93)
(468, 93)
(469, 93)
(470, 93)
(471, 93)
(472, 93)
(473, 93)
(474, 93)
(475, 93)
(476, 93)
(477, 93)
(478, 93)
(479, 93)
(480, 93)
(481, 93)
(482, 93)
(483, 93)
(484, 93)
(485, 93)
(486, 93)
(487, 93)
(488, 93)
(489, 93)
(490, 93)
(491, 93)
(492, 93)
(493, 93)
(494, 93)
(495, 93)
(496, 93)
(497, 93)
(498, 93)
(499, 93)
(500, 93)
(501, 93)
(502, 93)
(503, 93)
(504, 93)
(505, 93)
(506, 93)
(507, 93)
(508, 93)
(509, 93)
(510, 93)
(511, 93)
(512, 93)
(513, 93)
(514, 93)
(515, 93)
(516, 93)
(517, 93)
(518, 93)
(519, 93)
(520, 93)
(521, 93)
(522, 93)
(523, 93)
(524, 93)
(525, 93)
(526, 93)
(527, 93)
(528, 93)
(529, 93)
(530, 93)
(531, 93)
(532, 93)
(533, 93)
(534, 93)
(535, 93)
(536, 93)
(537, 93)
(538, 93)
(539, 93)
(540, 93)
(541, 93)
(542, 93)
(543, 93)
(544, 93)
(545, 93)
(546, 93)
(547, 93)
(548, 93)
(549, 93)
(550, 93)
(551, 93)
(552, 93)
(553, 93)
(554, 93)
(555, 93)
(556, 93)
(557, 93)
(558, 93)
(559, 93)
(560, 93)
(561, 93)
(562, 93)
(563, 93)
(564, 93)
(565, 93)
(566, 93)
(567, 93)
(568, 93)
(569, 93)
(570, 93)
(571, 93)
(572, 93)
(573, 93)
(574, 93)
(575, 93)
(576, 93)
(577, 93)
(578, 93)
(579, 93)
(580, 93)
(581, 93)
(582, 93)
(583, 93)
(584, 93)
(585, 93)
(586, 93)
(587, 93)
(588, 93)
(589, 93)
(590, 93)
(591, 93)
(592, 93)
(593, 93)
(594, 93)
(595, 93)
(596, 93)
(597, 93)
(598, 93)
(599, 93)
(600, 93)
(601, 93)
(602, 93)
(603, 93)
(604, 93)
(605, 93)
(606, 93)
(607, 93)
(608, 93)
(609, 93)
(610, 93)
(611, 93)
(612, 93)
(613, 93)
(614, 93)
(615, 93)
(616, 93)
(617, 93)
(618, 93)
(619, 93)
(620, 93)
(621, 93)
(622, 93)
(623, 93)
(624, 93)
(625, 93)
(626, 93)
(627, 93)
(628, 93)
(629, 93)
(630, 93)
(631, 93)
(632, 93)
(633, 93)
(634, 93)
(635, 93)
(636, 93)
(637, 93)
(638, 93)
(639, 93)
(640, 93)
(641, 93)
(642, 93)
(643, 93)
(644, 93)
(645, 93)
(646, 93)
(647, 93)
(648, 93)
(649, 93)
(650, 93)
(651, 93)
(652, 93)
(653, 93)
(654, 93)
(655, 93)
(656, 93)
(657, 93)
(658, 93)
(659, 93)
(660, 93)
(661, 93)
(662, 93)
(663, 93)
(664, 93)
(665, 93)
(666, 93)
(667, 93)
(668, 93)
(669, 93)
(670, 93)
(671, 93)
(672, 93)
(673, 93)
(674, 93)
(675, 93)
(676, 93)
(677, 93)
(678, 93)
(679, 93)
(680, 93)
(681, 93)
(682, 93)
(683, 93)
(684, 93)
(685, 93)
(686, 93)
(687, 93)
(688, 93)
(689, 93)
(690, 93)
(691, 93)
(692, 93)
(693, 93)
(694, 93)
(695, 93)
(696, 93)
(697, 93)
(698, 93)
(699, 93)
(700, 93)
(701, 93)
(702, 93)
(703, 93)
(704, 93)
(705, 93)
(706, 93)
(707, 93)
(708, 93)
(709, 93)
(710, 93)
(711, 93)
(712, 93)
(713, 93)
(714, 93)
(715, 93)
(716, 93)
(717, 93)
(718, 93)
(719, 93)
(720, 93)
(721, 93)
(722, 93)
(723, 93)
(724, 93)
(725, 93)
(726, 93)
(727, 93)
(728, 93)
(729, 93)
(730, 93)
(731, 93)
(732, 93)
(733, 93)
(734, 93)
(735, 93)
(736, 93)
(737, 93)
(738, 93)
(739, 93)
(740, 93)
(741, 93)
(742, 93)
(743, 93)
(744, 93)
(745, 93)
(746, 93)
(747, 93)
(748, 93)
(749, 93)
(750, 93)
(751, 93)
(752, 93)
(753, 93)
(754, 93)
(755, 93)
(756, 93)
(757, 93)
(758, 93)
(759, 93)
(760, 93)
(761, 93)
(762, 93)
(763, 93)
(764, 93)
(765, 93)
(766, 93)
(767, 93)
(768, 93)
(769, 93)
(770, 93)
(771, 93)
(772, 93)
(773, 93)
(774, 93)
(775, 93)
(776, 93)
(777, 93)
(778, 93)
(779, 93)
(780, 93)
(781, 93)
(782, 93)
(783, 93)
(784, 93)
(785, 93)
(786, 93)
(787, 93)
(788, 93)
(789, 93)
(790, 93)
(791, 93)
(792, 93)
(793, 93)
(794, 93)
(795, 93)
(796, 93)
(797, 93)
(798, 93)
(799, 93)
(800, 93)
(801, 93)
(802, 93)
(803, 93)
(804, 93)
(805, 93)
(806, 93)
(807, 93)
(808, 93)
(809, 93)
(810, 93)
(811, 93)
(812, 93)
(813, 93)
(814, 93)
(815, 93)
(816, 93)
(817, 93)
(818, 93)
(819, 93)
(820, 93)
(821, 93)
(822, 93)
(823, 93)
(824, 93)
(825, 94)
(826, 94)
(827, 94)
(828, 94)
(829, 94)
(830, 94)
(831, 94)
(832, 94)
(833, 94)
(834, 94)
(835, 94)
(836, 94)
(837, 94)
(838, 94)
(839, 94)
(840, 94)
(841, 94)
(842, 94)
(843, 94)
(844, 94)
(845, 94)
(846, 94)
(847, 94)
(848, 94)
(849, 94)
(850, 94)
(851, 94)
(852, 94)
(853, 94)
(854, 94)
(855, 94)
(856, 94)
(857, 94)
(858, 94)
(859, 94)
(860, 94)
(861, 94)
(862, 94)
(863, 94)
(864, 94)
(865, 94)
(866, 94)
(867, 94)
(868, 94)
(869, 94)
(870, 94)
(871, 94)
(872, 94)
(873, 94)
(874, 94)
(875, 94)
(876, 94)
(877, 94)
(878, 94)
(879, 94)
(880, 94)
(881, 94)
(882, 94)
(883, 94)
(884, 94)
(885, 94)
(886, 94)
(887, 94)
(888, 94)
(889, 94)
(890, 94)
(891, 94)
(892, 94)
(893, 94)
(894, 94)
(895, 94)
(896, 94)
(897, 94)
(898, 94)
(899, 94)
(900, 94)
(901, 94)
(902, 94)
(903, 94)
(904, 94)
(905, 94)
(906, 94)
(907, 94)
(908, 94)
(909, 94)
(910, 94)
(911, 94)
(912, 94)
(913, 94)
(914, 94)
(915, 94)
(916, 94)
(917, 94)
(918, 94)
(919, 94)
(920, 94)
(921, 94)
(922, 94)
(923, 94)
(924, 94)
(925, 94)
(926, 94)
(927, 94)
(928, 94)
(929, 94)
(930, 94)
(931, 94)
(932, 94)
(933, 94)
(934, 94)
(935, 94)
(936, 94)
(937, 94)
(938, 94)
(939, 94)
(940, 94)
(941, 94)
(942, 94)
(943, 94)
(944, 94)
(945, 94)
(946, 94)
(947, 94)
(948, 94)
(949, 94)
(950, 94)
(951, 94)
(952, 94)
(953, 94)
(954, 94)
(955, 94)
(956, 94)
(957, 94)
(958, 94)
(959, 94)
(960, 94)
(961, 94)
(962, 94)
(963, 94)
(964, 94)
(965, 94)
(966, 94)
(967, 94)
(968, 94)
(969, 94)
(970, 94)
(971, 94)
(972, 94)
(973, 94)
(974, 94)
(975, 94)
(976, 94)
(977, 94)
(978, 94)
(979, 94)
(980, 94)
(981, 94)
(982, 94)
(983, 94)
(984, 94)
(985, 94)
(986, 94)
(987, 94)
(988, 94)
(989, 94)
(990, 94)
(991, 94)
(992, 94)
(993, 94)
(994, 94)
(995, 94)
(996, 94)
(997, 94)
(998, 94)
(999, 94)
(1000, 94)
(1001, 94)
(1002, 94)
(1003, 94)
(1004, 94)
(1005, 94)
(1006, 94)
(1007, 94)
(1008, 94)
(1009, 94)
(1010, 94)
(1011, 94)
(1012, 94)
(1013, 94)
(1014, 94)
(1015, 94)
(1016, 94)
(1017, 94)
(1018, 94)
(1019, 94)
(1020, 94)
(1021, 94)
(1022, 94)
(1023, 94)
(1024, 94)
(1025, 94)
(1026, 94)
(1027, 94)
(1028, 94)
(1029, 94)
(1030, 94)
(1031, 94)
(1032, 94)
(1033, 94)
(1034, 94)
(1035, 94)
(1036, 94)
(1037, 94)
(1038, 94)
(1039, 94)
(1040, 94)
(1041, 94)
(1042, 94)
(1043, 94)
(1044, 94)
(1045, 94)
(1046, 94)
(1047, 94)
(1048, 94)
(1049, 94)
(1050, 94)
(1051, 94)
(1052, 94)
(1053, 94)
(1054, 94)
(1055, 94)
(1056, 94)
(1057, 94)
(1058, 94)
(1059, 94)
(1060, 94)
(1061, 94)
(1062, 94)
(1063, 94)
(1064, 94)
(1065, 94)
(1066, 94)
(1067, 94)
(1068, 94)
(1069, 94)
(1070, 94)
(1071, 94)
(1072, 94)
(1073, 94)
(1074, 94)
(1075, 94)
(1076, 94)
(1077, 94)
(1078, 94)
(1079, 94)
(1080, 94)
(1081, 94)
(1082, 94)
(1083, 94)
(1084, 94)
(1085, 94)
(1086, 94)
(1087, 94)
(1088, 94)
(1089, 94)
(1090, 94)
(1091, 94)
(1092, 94)
(1093, 94)
(1094, 94)
(1095, 94)
(1096, 94)
(1097, 94)
(1098, 94)
(1099, 94)
(1100, 94)
(1101, 94)
(1102, 94)
(1103, 94)
(1104, 94)
(1105, 94)
(1106, 94)
(1107, 94)
(1108, 94)
(1109, 94)
(1110, 94)
(1111, 94)
(1112, 94)
(1113, 94)
(1114, 94)
(1115, 94)
(1116, 94)
(1117, 94)
(1118, 94)
(1119, 94)
(1120, 94)
(1121, 94)
(1122, 94)
(1123, 94)
(1124, 94)
(1125, 94)
(1126, 94)
(1127, 94)
(1128, 94)
(1129, 94)
(1130, 94)
(1131, 94)
(1132, 94)
(1133, 94)
(1134, 94)
(1135, 94)
(1136, 94)
(1137, 94)
(1138, 94)
(1139, 94)
(1140, 94)
(1141, 94)
(1142, 94)
(1143, 94)
(1144, 94)
(1145, 94)
(1146, 94)
(1147, 94)
(1148, 94)
(1149, 94)
(1150, 94)
(1151, 94)
(1152, 94)
(1153, 94)
(1154, 94)
(1155, 94)
(1156, 94)
(1157, 94)
(1158, 94)
(1159, 94)
(1160, 94)
(1161, 94)
(1162, 94)
(1163, 94)
(1164, 94)
(1165, 94)
(1166, 94)
(1167, 94)
(1168, 94)
(1169, 94)
(1170, 94)
(1171, 94)
(1172, 94)
(1173, 94)
(1174, 94)
(1175, 94)
(1176, 94)
(1177, 94)
(1178, 94)
(1179, 94)
(1180, 94)
(1181, 94)
(1182, 94)
(1183, 94)
(1184, 94)
(1185, 94)
(1186, 94)
(1187, 94)
(1188, 94)
(1189, 94)
(1190, 94)
(1191, 94)
(1192, 94)
(1193, 94)
(1194, 94)
(1195, 94)
(1196, 94)
(1197, 94)
(1198, 94)
(1199, 94)
(1200, 94)
(1201, 94)
(1202, 94)
(1203, 94)
(1204, 94)
(1205, 94)
(1206, 94)
(1207, 94)
(1208, 94)
(1209, 94)
(1210, 94)
(1211, 94)
(1212, 94)
(1213, 94)
(1214, 94)
(1215, 94)
(1216, 94)
(1217, 94)
(1218, 94)
(1219, 94)
(1220, 94)
(1221, 94)
(1222, 94)
(1223, 94)
(1224, 94)
(1225, 94)
(1226, 94)
(1227, 94)
(1228, 94)
(1229, 94)
(1230, 94)
(1231, 94)
(1232, 94)
(1233, 94)
(1234, 94)
(1235, 94)
(1236, 94)
(1237, 94)
(1238, 94)
(1239, 94)
(1240, 94)
(1241, 94)
(1242, 94)
(1243, 94)
(1244, 94)
(1245, 94)
(1246, 94)
(1247, 94)
(1248, 94)
(1249, 94)
(1250, 94)
(1251, 94)
(1252, 94)
(1253, 94)
(1254, 94)
(1255, 94)
(1256, 94)
(1257, 94)
(1258, 94)
(1259, 94)
(1260, 94)
(1261, 94)
(1262, 94)
(1263, 94)
(1264, 94)
(1265, 94)
(1266, 94)
(1267, 94)
(1268, 94)
(1269, 94)
(1270, 94)
(1271, 94)
(1272, 94)
(1273, 94)
(1274, 94)
(1275, 94)
(1276, 94)
(1277, 94)
(1278, 94)
(1279, 94)
(1280, 94)
(1281, 94)
(1282, 94)
(1283, 94)
(1284, 94)
(1285, 94)
(1286, 94)
(1287, 94)
(1288, 94)
(1289, 95)
(1290, 95)
(1291, 95)
(1292, 95)
(1293, 95)
(1294, 95)
(1295, 95)
(1296, 95)
(1297, 95)
(1298, 95)
(1299, 95)
(1300, 95)
(1301, 95)
(1302, 95)
(1303, 95)
(1304, 95)
(1305, 95)
(1306, 95)
(1307, 95)
(1308, 95)
(1309, 95)
(1310, 95)
(1311, 95)
(1312, 95)
(1313, 95)
(1314, 95)
(1315, 95)
(1316, 95)
(1317, 95)
(1318, 95)
(1319, 95)
(1320, 95)
(1321, 95)
(1322, 95)
(1323, 95)
(1324, 95)
(1325, 95)
(1326, 95)
(1327, 95)
(1328, 95)
(1329, 95)
(1330, 95)
(1331, 95)
(1332, 95)
(1333, 95)
(1334, 95)
(1335, 95)
(1336, 95)
(1337, 95)
(1338, 95)
(1339, 95)
(1340, 95)
(1341, 95)
(1342, 95)
(1343, 95)
(1344, 95)
(1345, 95)
(1346, 95)
(1347, 95)
(1348, 95)
(1349, 95)
(1350, 95)
(1351, 95)
(1352, 95)
(1353, 95)
(1354, 95)
(1355, 95)
(1356, 95)
(1357, 95)
(1358, 95)
(1359, 95)
(1360, 95)
(1361, 95)
(1362, 95)
(1363, 95)
(1364, 95)
(1365, 95)
(1366, 95)
(1367, 95)
(1368, 95)
(1369, 95)
(1370, 95)
(1371, 95)
(1372, 95)
(1373, 95)
(1374, 95)
(1375, 95)
(1376, 95)
(1377, 95)
(1378, 95)
(1379, 95)
(1380, 95)
(1381, 95)
(1382, 95)
(1383, 95)
(1384, 95)
(1385, 95)
(1386, 95)
(1387, 95)
(1388, 95)
(1389, 95)
(1390, 95)
(1391, 95)
(1392, 95)
(1393, 95)
(1394, 95)
(1395, 95)
(1396, 95)
(1397, 95)
(1398, 95)
(1399, 95)
(1400, 95)
(1401, 95)
(1402, 95)
(1403, 95)
(1404, 95)
(1405, 95)
(1406, 95)
(1407, 95)
(1408, 95)
(1409, 95)
(1410, 95)
(1411, 95)
(1412, 95)
(1413, 95)
(1414, 95)
(1415, 95)
(1416, 95)
(1417, 95)
(1418, 95)
(1419, 95)
(1420, 95)
(1421, 95)
(1422, 95)
(1423, 95)
(1424, 95)
(1425, 95)
(1426, 95)
(1427, 95)
(1428, 95)
(1429, 95)
(1430, 95)
(1431, 95)
(1432, 95)
(1433, 95)
(1434, 95)
(1435, 95)
(1436, 95)
(1437, 95)
(1438, 95)
(1439, 95)
(1440, 95)
(1441, 95)
(1442, 95)
(1443, 95)
(1444, 95)
(1445, 95)
(1446, 95)
(1447, 95)
(1448, 95)
(1449, 95)
(1450, 95)
(1451, 95)
(1452, 95)
(1453, 95)
(1454, 95)
(1455, 95)
(1456, 95)
(1457, 95)
(1458, 95)
(1459, 95)
(1460, 95)
(1461, 95)
(1462, 95)
(1463, 95)
(1464, 95)
(1465, 95)
(1466, 95)
(1467, 95)
(1468, 95)
(1469, 95)
(1470, 95)
(1471, 95)
(1472, 95)
(1473, 95)
(1474, 95)
(1475, 95)
(1476, 95)
(1477, 95)
(1478, 95)
(1479, 95)
(1480, 95)
(1481, 95)
(1482, 95)
(1483, 95)
(1484, 95)
(1485, 95)
(1486, 95)
(1487, 95)
(1488, 95)
(1489, 95)
(1490, 95)
(1491, 95)
(1492, 95)
(1493, 95)
(1494, 95)
(1495, 95)
(1496, 95)
(1497, 95)
(1498, 95)
(1499, 95)
(1500, 95)
(1501, 95)
(1502, 95)
(1503, 95)
(1504, 95)
(1505, 95)
(1506, 95)
(1507, 95)
(1508, 95)
(1509, 95)
(1510, 95)
(1511, 95)
(1512, 95)
(1513, 95)
(1514, 95)
(1515, 95)
(1516, 95)
(1517, 95)
(1518, 95)
(1519, 95)
(1520, 95)
(1521, 95)
(1522, 95)
(1523, 95)
(1524, 95)
(1525, 95)
(1526, 95)
(1527, 95)
(1528, 95)
(1529, 95)
(1530, 95)
(1531, 95)
(1532, 95)
(1533, 95)
(1534, 95)
(1535, 95)
(1536, 95)
(1537, 95)
(1538, 95)
(1539, 95)
(1540, 95)
(1541, 95)
(1542, 95)
(1543, 95)
(1544, 95)
(1545, 95)
(1546, 95)
(1547, 95)
(1548, 95)
(1549, 95)
(1550, 95)
(1551, 95)
(1552, 95)
(1553, 95)
(1554, 95)
(1555, 95)
(1556, 95)
(1557, 95)
(1558, 95)
(1559, 95)
(1560, 95)
(1561, 95)
(1562, 95)
(1563, 95)
(1564, 95)
(1565, 95)
(1566, 95)
(1567, 95)
(1568, 95)
(1569, 95)
(1570, 95)
(1571, 95)
(1572, 95)
(1573, 95)
(1574, 95)
(1575, 95)
(1576, 95)
(1577, 95)
(1578, 95)
(1579, 95)
(1580, 95)
(1581, 95)
(1582, 95)
(1583, 95)
(1584, 95)
(1585, 95)
(1586, 95)
(1587, 95)
(1588, 95)
(1589, 95)
(1590, 95)
(1591, 95)
(1592, 95)
(1593, 95)
(1594, 95)
(1595, 95)
(1596, 95)
(1597, 95)
(1598, 95)
(1599, 95)
(1600, 95)
(1601, 95)
(1602, 95)
(1603, 95)
(1604, 95)
(1605, 95)
(1606, 95)
(1607, 95)
(1608, 95)
(1609, 95)
(1610, 95)
(1611, 95)
(1612, 95)
(1613, 95)
(1614, 95)
(1615, 95)
(1616, 95)
(1617, 95)
(1618, 95)
(1619, 95)
(1620, 95)
(1621, 95)
(1622, 95)
(1623, 95)
(1624, 95)
(1625, 95)
(1626, 95)
(1627, 95)
(1628, 95)
(1629, 95)
(1630, 95)
(1631, 95)
(1632, 95)
(1633, 95)
(1634, 95)
(1635, 95)
(1636, 95)
(1637, 95)
(1638, 95)
(1639, 95)
(1640, 95)
(1641, 95)
(1642, 95)
(1643, 95)
(1644, 95)
(1645, 95)
(1646, 95)
(1647, 95)
(1648, 95)
(1649, 95)
(1650, 95)
(1651, 95)
(1652, 95)
(1653, 95)
(1654, 95)
(1655, 95)
(1656, 95)
(1657, 95)
(1658, 95)
(1659, 95)
(1660, 95)
(1661, 95)
(1662, 95)
(1663, 95)
(1664, 95)
(1665, 95)
(1666, 95)
(1667, 95)
(1668, 95)
(1669, 95)
(1670, 95)
(1671, 95)
(1672, 95)
(1673, 95)
(1674, 95)
(1675, 95)
(1676, 95)
(1677, 95)
(1678, 95)
(1679, 95)
(1680, 95)
(1681, 95)
(1682, 95)
(1683, 95)
(1684, 95)
(1685, 95)
(1686, 95)
(1687, 95)
(1688, 95)
(1689, 95)
(1690, 95)
(1691, 95)
(1692, 95)
(1693, 95)
(1694, 95)
(1695, 95)
(1696, 95)
(1697, 95)
(1698, 95)
(1699, 95)
(1700, 95)
(1701, 95)
(1702, 95)
(1703, 95)
(1704, 95)
(1705, 95)
(1706, 95)
(1707, 95)
(1708, 95)
(1709, 95)
(1710, 95)
(1711, 95)
(1712, 95)
(1713, 95)
(1714, 95)
(1715, 95)
(1716, 95)
(1717, 95)
(1718, 95)
(1719, 95)
(1720, 95)
(1721, 95)
(1722, 95)
(1723, 95)
(1724, 95)
(1725, 95)
(1726, 95)
(1727, 95)
(1728, 95)
(1729, 95)
(1730, 95)
(1731, 95)
(1732, 95)
(1733, 95)
(1734, 95)
(1735, 95)
(1736, 95)
(1737, 95)
(1738, 95)
(1739, 95)
(1740, 95)
(1741, 95)
(1742, 95)
(1743, 95)
(1744, 95)
(1745, 95)
(1746, 95)
(1747, 95)
(1748, 95)
(1749, 95)
(1750, 95)
(1751, 95)
(1752, 95)
(1753, 95)
(1754, 95)
(1755, 95)
(1756, 95)
(1757, 95)
(1758, 95)
(1759, 95)
(1760, 95)
(1761, 95)
(1762, 95)
(1763, 95)
(1764, 95)
(1765, 95)
(1766, 95)
(1767, 95)
(1768, 95)
(1769, 95)
(1770, 95)
(1771, 95)
(1772, 95)
(1773, 95)
(1774, 95)
(1775, 95)
(1776, 95)
(1777, 95)
(1778, 95)
(1779, 95)
(1780, 95)
(1781, 95)
(1782, 95)
(1783, 95)
(1784, 95)
(1785, 95)
(1786, 95)
(1787, 95)
(1788, 95)
(1789, 95)
(1790, 95)
(1791, 95)
(1792, 95)
(1793, 95)
(1794, 95)
(1795, 95)
(1796, 95)
(1797, 95)
(1798, 95)
(1799, 95)
(1800, 95)
(1801, 95)
(1802, 95)
(1803, 95)
(1804, 95)
(1805, 95)
(1806, 95)
(1807, 95)
(1808, 95)
(1809, 95)
(1810, 95)
(1811, 95)
(1812, 95)
(1813, 95)
(1814, 95)
(1815, 95)
(1816, 95)
(1817, 95)
(1818, 95)
(1819, 95)
(1820, 95)
(1821, 95)
(1822, 95)
(1823, 95)
(1824, 95)
(1825, 95)
(1826, 95)
(1827, 95)
(1828, 95)
(1829, 95)
(1830, 95)
(1831, 95)
(1832, 95)
(1833, 95)
(1834, 95)
(1835, 95)
(1836, 95)
(1837, 95)
(1838, 95)
(1839, 95)
(1840, 95)
(1841, 95)
(1842, 95)
(1843, 95)
(1844, 95)
(1845, 95)
(1846, 95)
(1847, 95)
(1848, 95)
(1849, 95)
(1850, 95)
(1851, 95)
(1852, 95)
(1853, 95)
(1854, 95)
(1855, 95)
(1856, 95)
(1857, 95)
(1858, 95)
(1859, 95)
(1860, 95)
(1861, 95)
(1862, 95)
(1863, 95)
(1864, 95)
(1865, 95)
(1866, 95)
(1867, 95)
(1868, 95)
(1869, 95)
(1870, 95)
(1871, 95)
(1872, 95)
(1873, 95)
(1874, 95)
(1875, 95)
(1876, 95)
(1877, 95)
(1878, 95)
(1879, 95)
(1880, 95)
(1881, 95)
(1882, 95)
(1883, 95)
(1884, 95)
(1885, 95)
(1886, 95)
(1887, 95)
(1888, 95)
(1889, 95)
(1890, 95)
(1891, 95)
(1892, 95)
(1893, 95)
(1894, 95)
(1895, 95)
(1896, 95)
(1897, 95)
(1898, 95)
(1899, 95)
(1900, 95)
(1901, 95)
(1902, 95)
(1903, 95)
(1904, 95)
(1905, 95)
(1906, 95)
(1907, 95)
(1908, 95)
(1909, 95)
(1910, 95)
(1911, 95)
(1912, 95)
(1913, 95)
(1914, 95)
(1915, 95)
(1916, 95)
(1917, 95)
(1918, 95)
(1919, 95)
(1920, 95)
(1921, 95)
(1922, 95)
(1923, 95)
(1924, 95)
(1925, 95)
(1926, 95)
(1927, 95)
(1928, 95)
(1929, 95)
(1930, 95)
(1931, 95)
(1932, 95)
(1933, 95)
(1934, 95)
(1935, 95)
(1936, 95)
(1937, 95)
(1938, 95)
(1939, 95)
(1940, 95)
(1941, 95)
(1942, 95)
(1943, 95)
(1944, 95)
(1945, 95)
(1946, 95)
(1947, 95)
(1948, 95)
(1949, 95)
(1950, 95)
(1951, 95)
(1952, 95)
(1953, 95)
(1954, 95)
(1955, 95)
(1956, 95)
(1957, 95)
(1958, 95)
(1959, 95)
(1960, 95)
(1961, 95)
(1962, 95)
(1963, 95)
(1964, 95)
(1965, 95)
(1966, 95)
(1967, 95)
(1968, 95)
(1969, 95)
(1970, 95)
(1971, 95)
(1972, 95)
(1973, 95)
(1974, 95)
(1975, 95)
(1976, 95)
(1977, 95)
(1978, 95)
(1979, 95)
(1980, 95)
(1981, 95)
(1982, 95)
(1983, 95)
(1984, 95)
(1985, 95)
(1986, 95)
(1987, 95)
(1988, 95)
(1989, 95)
(1990, 95)
(1991, 95)
(1992, 95)
(1993, 95)
(1994, 95)
(1995, 95)
(1996, 95)
(1997, 95)
(1998, 95)
(1999, 95)
(2000, 95)
(2001, 95)
(2002, 95)
(2003, 95)
(2004, 95)
(2005, 95)
(2006, 95)
(2007, 95)
(2008, 95)
(2009, 95)
(2010, 95)
(2011, 95)
(2012, 95)
(2013, 95)
(2014, 95)
(2015, 95)
(2016, 95)
(2017, 95)
(2018, 95)
(2019, 95)
(2020, 95)
(2021, 95)
(2022, 95)
(2023, 95)
(2024, 95)
(2025, 95)
(2026, 95)
(2027, 95)
(2028, 95)
(2029, 95)
(2030, 95)
(2031, 95)
(2032, 95)
(2033, 95)
(2034, 95)
(2035, 95)
(2036, 95)
(2037, 95)
(2038, 95)
(2039, 95)
(2040, 95)
(2041, 95)
(2042, 95)
(2043, 95)
(2044, 95)
(2045, 95)
(2046, 95)
(2047, 95)
(2048, 95)
(2049, 95)
(2050, 95)
(2051, 95)
(2052, 95)
(2053, 95)
(2054, 95)
(2055, 95)
(2056, 95)
(2057, 95)
(2058, 95)
(2059, 95)
(2060, 95)
(2061, 95)
(2062, 95)
(2063, 95)
(2064, 95)
(2065, 95)
(2066, 95)
(2067, 95)
(2068, 95)
(2069, 95)
(2070, 95)
(2071, 95)
(2072, 95)
(2073, 95)
(2074, 95)
(2075, 95)
(2076, 95)
(2077, 95)
(2078, 95)
(2079, 95)
(2080, 95)
(2081, 95)
(2082, 95)
(2083, 95)
(2084, 95)
(2085, 95)
(2086, 95)
(2087, 95)
(2088, 95)
(2089, 95)
(2090, 95)
(2091, 95)
(2092, 95)
(2093, 95)
(2094, 95)
(2095, 95)
(2096, 95)
(2097, 95)
(2098, 95)
(2099, 95)
(2100, 95)
(2101, 95)
(2102, 95)
(2103, 95)
(2104, 95)
(2105, 95)
(2106, 95)
(2107, 95)
(2108, 95)
(2109, 95)
(2110, 95)
(2111, 95)
(2112, 95)
(2113, 95)
(2114, 95)
(2115, 95)
(2116, 95)
(2117, 95)
(2118, 95)
(2119, 95)
(2120, 95)
(2121, 95)
(2122, 95)
(2123, 95)
(2124, 95)
(2125, 95)
(2126, 95)
(2127, 95)
(2128, 95)
(2129, 95)
(2130, 95)
(2131, 95)
(2132, 95)
(2133, 95)
(2134, 95)
(2135, 95)
(2136, 95)
(2137, 95)
(2138, 95)
(2139, 95)
(2140, 95)
(2141, 95)
(2142, 95)
(2143, 95)
(2144, 95)
(2145, 95)
(2146, 95)
(2147, 95)
(2148, 95)
(2149, 95)
(2150, 95)
(2151, 95)
(2152, 95)
(2153, 95)
(2154, 95)
(2155, 95)
(2156, 95)
(2157, 95)
(2158, 95)
(2159, 95)
(2160, 95)
(2161, 95)
(2162, 95)
(2163, 95)
(2164, 95)
(2165, 95)
(2166, 95)
(2167, 95)
(2168, 95)
(2169, 95)
(2170, 95)
(2171, 95)
(2172, 95)
(2173, 95)
(2174, 95)
(2175, 95)
(2176, 95)
(2177, 95)
(2178, 95)
(2179, 95)
(2180, 95)
(2181, 95)
(2182, 95)
(2183, 95)
(2184, 95)
(2185, 95)
(2186, 95)
(2187, 95)
(2188, 95)
(2189, 95)
(2190, 95)
(2191, 95)
(2192, 95)
(2193, 95)
(2194, 95)
(2195, 95)
(2196, 95)
(2197, 95)
(2198, 95)
(2199, 95)
(2200, 95)
(2201, 95)
(2202, 95)
(2203, 95)
(2204, 95)
(2205, 95)
(2206, 95)
(2207, 95)
(2208, 95)
(2209, 95)
(2210, 95)
(2211, 95)
(2212, 95)
(2213, 95)
(2214, 95)
(2215, 95)
(2216, 95)
(2217, 95)
(2218, 95)
(2219, 95)
(2220, 95)
(2221, 95)
(2222, 95)
(2223, 95)
(2224, 95)
(2225, 95)
(2226, 95)
(2227, 95)
(2228, 95)
(2229, 95)
(2230, 95)
(2231, 95)
(2232, 95)
(2233, 95)
(2234, 95)
(2235, 95)
(2236, 95)
(2237, 95)
(2238, 95)
(2239, 95)
(2240, 95)
(2241, 95)
(2242, 95)
(2243, 95)
(2244, 95)
(2245, 95)
(2246, 95)
(2247, 95)
(2248, 95)
(2249, 95)
(2250, 95)
(2251, 95)
(2252, 95)
(2253, 95)
(2254, 95)
(2255, 95)
(2256, 95)
(2257, 95)
(2258, 95)
(2259, 95)
(2260, 95)
(2261, 95)
(2262, 95)
(2263, 95)
(2264, 95)
(2265, 95)
(2266, 95)
(2267, 95)
(2268, 95)
(2269, 95)
(2270, 95)
(2271, 95)
(2272, 95)
(2273, 95)
(2274, 95)
(2275, 95)
(2276, 95)
(2277, 95)
(2278, 95)
(2279, 95)
(2280, 95)
(2281, 95)
(2282, 95)
(2283, 95)
(2284, 95)
(2285, 95)
(2286, 95)
(2287, 95)
(2288, 95)
(2289, 95)
(2290, 95)
(2291, 95)
(2292, 95)
(2293, 95)
(2294, 95)
(2295, 95)
(2296, 95)
(2297, 95)
(2298, 95)
(2299, 95)
(2300, 95)
(2301, 95)
(2302, 95)
(2303, 95)
(2304, 95)
(2305, 95)
(2306, 95)
(2307, 95)
(2308, 95)
(2309, 95)
(2310, 95)
(2311, 95)
(2312, 95)
(2313, 95)
(2314, 95)
(2315, 95)
(2316, 95)
(2317, 95)
(2318, 95)
(2319, 95)
(2320, 95)
(2321, 95)
(2322, 95)
(2323, 95)
(2324, 95)
(2325, 95)
(2326, 95)
(2327, 95)
(2328, 95)
(2329, 95)
(2330, 95)
(2331, 95)
(2332, 95)
(2333, 95)
(2334, 95)
(2335, 95)
(2336, 95)
(2337, 95)
(2338, 95)
(2339, 95)
(2340, 95)
(2341, 95)
(2342, 95)
(2343, 95)
(2344, 95)
(2345, 95)
(2346, 95)
(2347, 95)
(2348, 95)
(2349, 95)
(2350, 95)
(2351, 95)
(2352, 95)
(2353, 95)
(2354, 95)
(2355, 95)
(2356, 95)
(2357, 95)
(2358, 95)
(2359, 95)
(2360, 95)
(2361, 95)
(2362, 95)
(2363, 95)
(2364, 95)
(2365, 95)
(2366, 95)
(2367, 95)
(2368, 95)
(2369, 95)
(2370, 95)
(2371, 95)
(2372, 95)
(2373, 95)
(2374, 95)
(2375, 95)
(2376, 95)
(2377, 95)
(2378, 95)
(2379, 95)
(2380, 95)
(2381, 95)
(2382, 95)
(2383, 95)
(2384, 95)
(2385, 95)
(2386, 95)
(2387, 95)
(2388, 95)
(2389, 95)
(2390, 95)
(2391, 95)
(2392, 95)
(2393, 95)
(2394, 95)
(2395, 95)
(2396, 95)
(2397, 95)
(2398, 95)
(2399, 95)
(2400, 95)
(2401, 95)
(2402, 95)
(2403, 95)
(2404, 95)
(2405, 95)
(2406, 95)
(2407, 95)
(2408, 95)
(2409, 95)
(2410, 95)
(2411, 95)
(2412, 95)
(2413, 95)
(2414, 95)
(2415, 95)
(2416, 95)
(2417, 95)
(2418, 95)
(2419, 95)
(2420, 95)
(2421, 95)
(2422, 95)
(2423, 95)
(2424, 95)
(2425, 95)
(2426, 95)
(2427, 95)
(2428, 95)
(2429, 95)
(2430, 95)
(2431, 95)
(2432, 95)
(2433, 95)
(2434, 95)
(2435, 95)
(2436, 95)
(2437, 95)
(2438, 95)
(2439, 95)
(2440, 95)
(2441, 95)
(2442, 95)
(2443, 95)
(2444, 95)
(2445, 95)
(2446, 95)
(2447, 95)
(2448, 95)
(2449, 95)
(2450, 95)
(2451, 95)
(2452, 95)
(2453, 95)
(2454, 95)
(2455, 95)
(2456, 95)
(2457, 95)
(2458, 95)
(2459, 95)
(2460, 95)
(2461, 95)
(2462, 95)
(2463, 95)
(2464, 95)
(2465, 95)
(2466, 95)
(2467, 95)
(2468, 95)
(2469, 95)
(2470, 95)
(2471, 95)
(2472, 95)
(2473, 95)
(2474, 95)
(2475, 95)
(2476, 95)
(2477, 95)
(2478, 95)
(2479, 95)
(2480, 95)
(2481, 95)
(2482, 95)
(2483, 95)
(2484, 95)
(2485, 95)
(2486, 95)
(2487, 95)
(2488, 95)
(2489, 95)
(2490, 95)
(2491, 95)
(2492, 95)
(2493, 95)
(2494, 95)
(2495, 95)
(2496, 95)
(2497, 95)
(2498, 95)
(2499, 95)
(2500, 95)
(2501, 95)
(2502, 95)
(2503, 95)
(2504, 95)
(2505, 95)
(2506, 95)
(2507, 95)
(2508, 95)
(2509, 95)
(2510, 95)
(2511, 95)
(2512, 95)
(2513, 95)
(2514, 95)
(2515, 95)
(2516, 95)
(2517, 95)
(2518, 95)
(2519, 95)
(2520, 95)
(2521, 95)
(2522, 95)
(2523, 95)
(2524, 95)
(2525, 95)
(2526, 95)
(2527, 95)
(2528, 95)
(2529, 95)
(2530, 95)
(2531, 95)
(2532, 95)
(2533, 95)
(2534, 95)
(2535, 95)
(2536, 95)
(2537, 95)
(2538, 95)
(2539, 95)
(2540, 95)
(2541, 95)
(2542, 95)
(2543, 95)
(2544, 95)
(2545, 95)
(2546, 95)
(2547, 95)
(2548, 95)
(2549, 95)
(2550, 95)
(2551, 95)
(2552, 95)
(2553, 95)
(2554, 95)
(2555, 95)
(2556, 95)
(2557, 95)
(2558, 95)
(2559, 95)
(2560, 95)
(2561, 95)
(2562, 95)
(2563, 95)
(2564, 95)
(2565, 95)
(2566, 95)
(2567, 95)
(2568, 95)
(2569, 95)
(2570, 95)
(2571, 95)
(2572, 95)
(2573, 95)
(2574, 95)
(2575, 95)
(2576, 95)
(2577, 95)
(2578, 95)
(2579, 95)
(2580, 95)
(2581, 95)
(2582, 95)
(2583, 95)
(2584, 95)
(2585, 95)
(2586, 95)
(2587, 95)
(2588, 95)
(2589, 95)
(2590, 95)
(2591, 95)
(2592, 95)
(2593, 95)
(2594, 95)
(2595, 95)
(2596, 95)
(2597, 95)
(2598, 95)
(2599, 95)
(2600, 95)
(2601, 95)
(2602, 95)
(2603, 95)
(2604, 95)
(2605, 95)
(2606, 95)
(2607, 95)
(2608, 95)
(2609, 95)
(2610, 95)
(2611, 95)
(2612, 95)
(2613, 95)
(2614, 95)
(2615, 95)
(2616, 95)
(2617, 95)
(2618, 95)
(2619, 95)
(2620, 95)
(2621, 95)
(2622, 95)
(2623, 95)
(2624, 95)
(2625, 95)
(2626, 95)
(2627, 95)
(2628, 95)
(2629, 95)
(2630, 95)
(2631, 95)
(2632, 95)
(2633, 95)
(2634, 95)
(2635, 95)
(2636, 95)
(2637, 95)
(2638, 95)
(2639, 95)
(2640, 95)
(2641, 95)
(2642, 95)
(2643, 95)
(2644, 95)
(2645, 95)
(2646, 95)
(2647, 95)
(2648, 95)
(2649, 95)
(2650, 95)
(2651, 95)
(2652, 95)
(2653, 95)
(2654, 95)
(2655, 95)
(2656, 95)
(2657, 95)
(2658, 95)
(2659, 95)
(2660, 95)
(2661, 95)
(2662, 95)
(2663, 95)
(2664, 95)
(2665, 95)
(2666, 95)
(2667, 95)
(2668, 95)
(2669, 95)
(2670, 95)
(2671, 95)
(2672, 95)
(2673, 95)
(2674, 95)
(2675, 95)
(2676, 95)
(2677, 95)
(2678, 95)
(2679, 95)
(2680, 95)
(2681, 95)
(2682, 95)
(2683, 95)
(2684, 95)
(2685, 95)
(2686, 95)
(2687, 95)
(2688, 95)
(2689, 95)
(2690, 95)
(2691, 95)
(2692, 95)
(2693, 95)
(2694, 95)
(2695, 95)
(2696, 95)
(2697, 95)
(2698, 95)
(2699, 95)
(2700, 95)
(2701, 95)
(2702, 95)
(2703, 95)
(2704, 95)
(2705, 95)
(2706, 95)
(2707, 95)
(2708, 95)
(2709, 95)
(2710, 95)
(2711, 95)
(2712, 95)
(2713, 95)
(2714, 95)
(2715, 95)
(2716, 95)
(2717, 95)
(2718, 95)
(2719, 95)
(2720, 95)
(2721, 95)
(2722, 95)
(2723, 95)
(2724, 95)
(2725, 95)
(2726, 95)
(2727, 95)
(2728, 95)
(2729, 95)
(2730, 95)
(2731, 95)
(2732, 95)
(2733, 95)
(2734, 95)
(2735, 95)
(2736, 95)
(2737, 95)
(2738, 95)
(2739, 95)
(2740, 95)
(2741, 95)
(2742, 95)
(2743, 95)
(2744, 95)
(2745, 95)
(2746, 95)
(2747, 95)
(2748, 95)
(2749, 95)
(2750, 95)
(2751, 95)
(2752, 95)
(2753, 95)
(2754, 95)
(2755, 95)
(2756, 95)
(2757, 95)
(2758, 95)
(2759, 95)
(2760, 95)
(2761, 95)
(2762, 95)
(2763, 95)
(2764, 95)
(2765, 95)
(2766, 95)
(2767, 95)
(2768, 95)
(2769, 95)
(2770, 95)
(2771, 95)
(2772, 95)
(2773, 95)
(2774, 95)
(2775, 95)
(2776, 95)
(2777, 95)
(2778, 95)
(2779, 95)
(2780, 95)
(2781, 95)
(2782, 95)
(2783, 95)
(2784, 95)
(2785, 95)
(2786, 95)
(2787, 95)
(2788, 95)
(2789, 95)
(2790, 95)
(2791, 95)
(2792, 95)
(2793, 95)
(2794, 95)
(2795, 95)
(2796, 95)
(2797, 95)
(2798, 95)
(2799, 95)
(2800, 95)
(2801, 95)
(2802, 95)
(2803, 95)
(2804, 95)
(2805, 95)
(2806, 95)
(2807, 95)
(2808, 95)
(2809, 95)
(2810, 95)
(2811, 95)
(2812, 95)
(2813, 95)
(2814, 95)
(2815, 95)
(2816, 95)
(2817, 95)
(2818, 95)
(2819, 95)
(2820, 95)
(2821, 95)
(2822, 95)
(2823, 95)
(2824, 95)
(2825, 95)
(2826, 95)
(2827, 95)
(2828, 95)
(2829, 95)
(2830, 95)
(2831, 95)
(2832, 95)
(2833, 95)
(2834, 95)
(2835, 95)
(2836, 95)
(2837, 95)
(2838, 95)
(2839, 95)
(2840, 95)
(2841, 95)
(2842, 95)
(2843, 95)
(2844, 95)
(2845, 95)
(2846, 95)
(2847, 95)
(2848, 95)
(2849, 95)
(2850, 95)
(2851, 95)
(2852, 95)
(2853, 95)
(2854, 95)
(2855, 95)
(2856, 95)
(2857, 95)
(2858, 95)
(2859, 95)
(2860, 95)
(2861, 95)
(2862, 95)
(2863, 95)
(2864, 95)
(2865, 95)
(2866, 95)
(2867, 95)
(2868, 95)
(2869, 95)
(2870, 95)
(2871, 95)
(2872, 95)
(2873, 95)
(2874, 95)
(2875, 95)
(2876, 95)
(2877, 95)
(2878, 95)
(2879, 95)
(2880, 95)
(2881, 95)
(2882, 95)
(2883, 95)
(2884, 95)
(2885, 95)
(2886, 95)
(2887, 95)
(2888, 95)
(2889, 95)
(2890, 95)
(2891, 95)
(2892, 95)
(2893, 95)
(2894, 95)
(2895, 95)
(2896, 95)
(2897, 95)
(2898, 95)
(2899, 95)
(2900, 95)
(2901, 95)
(2902, 95)
(2903, 95)
(2904, 95)
(2905, 95)
(2906, 95)
(2907, 95)
(2908, 95)
(2909, 95)
(2910, 95)
(2911, 95)
(2912, 95)
(2913, 95)
(2914, 95)
(2915, 95)
(2916, 95)
(2917, 95)
(2918, 95)
(2919, 95)
(2920, 95)
(2921, 95)
(2922, 95)
(2923, 95)
(2924, 95)
(2925, 95)
(2926, 95)
(2927, 95)
(2928, 95)
(2929, 95)
(2930, 95)
(2931, 95)
(2932, 95)
(2933, 95)
(2934, 95)
(2935, 95)
(2936, 95)
(2937, 95)
(2938, 95)
(2939, 95)
(2940, 95)
(2941, 95)
(2942, 95)
(2943, 95)
(2944, 95)
(2945, 95)
(2946, 95)
(2947, 95)
(2948, 95)
(2949, 95)
(2950, 95)
(2951, 95)
(2952, 95)
(2953, 95)
(2954, 95)
(2955, 95)
(2956, 95)
(2957, 95)
(2958, 95)
(2959, 95)
(2960, 95)
(2961, 95)
(2962, 95)
(2963, 95)
(2964, 95)
(2965, 95)
(2966, 95)
(2967, 95)
(2968, 95)
(2969, 95)
(2970, 95)
(2971, 95)
(2972, 95)
(2973, 95)
(2974, 95)
(2975, 95)
(2976, 95)
(2977, 95)
(2978, 95)
(2979, 95)
(2980, 95)
(2981, 95)
(2982, 95)
(2983, 95)
(2984, 95)
(2985, 95)
(2986, 95)
(2987, 95)
(2988, 95)
(2989, 95)
(2990, 95)
(2991, 95)
(2992, 95)
(2993, 95)
(2994, 95)
(2995, 95)
(2996, 95)
(2997, 95)
(2998, 95)
(2999, 95)
(3000, 95)
(3001, 95)
(3002, 95)
(3003, 95)
(3004, 95)
(3005, 95)
(3006, 95)
(3007, 95)
(3008, 95)
(3009, 95)
(3010, 95)
(3011, 95)
(3012, 95)
(3013, 95)
(3014, 95)
(3015, 95)
(3016, 95)
(3017, 95)
(3018, 95)
(3019, 95)
(3020, 95)
(3021, 95)
(3022, 95)
(3023, 95)
(3024, 95)
(3025, 95)
(3026, 95)
(3027, 95)
(3028, 95)
(3029, 95)
(3030, 95)
(3031, 95)
(3032, 95)
(3033, 95)
(3034, 95)
(3035, 95)
(3036, 95)
(3037, 95)
(3038, 95)
(3039, 95)
(3040, 95)
(3041, 95)
(3042, 95)
(3043, 95)
(3044, 95)
(3045, 95)
(3046, 95)
(3047, 95)
(3048, 95)
(3049, 95)
(3050, 95)
(3051, 95)
(3052, 95)
(3053, 95)
(3054, 95)
(3055, 95)
(3056, 95)
(3057, 95)
(3058, 95)
(3059, 95)
(3060, 95)
(3061, 95)
(3062, 95)
(3063, 95)
(3064, 95)
(3065, 95)
(3066, 95)
(3067, 95)
(3068, 95)
(3069, 95)
(3070, 95)
(3071, 95)
(3072, 95)
(3073, 95)
(3074, 95)
(3075, 95)
(3076, 95)
(3077, 95)
(3078, 95)
(3079, 95)
(3080, 95)
(3081, 95)
(3082, 95)
(3083, 95)
(3084, 95)
(3085, 95)
(3086, 95)
(3087, 95)
(3088, 95)
(3089, 95)
(3090, 95)
(3091, 95)
(3092, 95)
(3093, 95)
(3094, 95)
(3095, 95)
(3096, 95)
(3097, 95)
(3098, 95)
(3099, 95)
(3100, 95)
(3101, 95)
(3102, 95)
(3103, 95)
(3104, 95)
(3105, 95)
(3106, 95)
(3107, 95)
(3108, 95)
(3109, 95)
(3110, 95)
(3111, 95)
(3112, 95)
(3113, 95)
(3114, 95)
(3115, 95)
(3116, 95)
(3117, 95)
(3118, 95)
(3119, 95)
(3120, 95)
(3121, 95)
(3122, 95)
(3123, 95)
(3124, 95)
(3125, 95)
(3126, 95)
(3127, 95)
(3128, 95)
(3129, 95)
(3130, 95)
(3131, 95)
(3132, 95)
(3133, 95)
(3134, 95)
(3135, 95)
(3136, 95)
(3137, 95)
(3138, 95)
(3139, 95)
(3140, 95)
(3141, 95)
(3142, 95)
(3143, 95)
(3144, 95)
(3145, 95)
(3146, 95)
(3147, 95)
(3148, 95)
(3149, 95)
(3150, 95)
(3151, 95)
(3152, 95)
(3153, 95)
(3154, 95)
(3155, 95)
(3156, 95)
(3157, 95)
(3158, 95)
(3159, 95)
(3160, 95)
(3161, 95)
(3162, 95)
(3163, 95)
(3164, 95)
(3165, 95)
(3166, 95)
(3167, 95)
(3168, 95)
(3169, 95)
(3170, 95)
(3171, 95)
(3172, 95)
(3173, 95)
(3174, 95)
(3175, 95)
(3176, 95)
(3177, 95)
(3178, 95)
(3179, 95)
(3180, 95)
(3181, 95)
(3182, 95)
(3183, 95)
(3184, 95)
(3185, 95)
(3186, 95)
(3187, 95)
(3188, 95)
(3189, 95)
(3190, 95)
(3191, 95)
(3192, 95)
(3193, 95)
(3194, 95)
(3195, 95)
(3196, 95)
(3197, 95)
(3198, 95)
(3199, 95)
(3200, 95)
(3201, 95)
(3202, 95)
(3203, 95)
(3204, 95)
(3205, 95)
(3206, 95)
(3207, 95)
(3208, 95)
(3209, 95)
(3210, 95)
(3211, 95)
(3212, 95)
(3213, 95)
(3214, 95)
(3215, 95)
(3216, 95)
(3217, 95)
(3218, 95)
(3219, 95)
(3220, 95)
(3221, 95)
(3222, 95)
(3223, 95)
(3224, 95)
(3225, 95)
(3226, 95)
(3227, 95)
(3228, 95)
(3229, 95)
(3230, 95)
(3231, 95)
(3232, 95)
(3233, 95)
(3234, 95)
(3235, 95)
(3236, 95)
(3237, 95)
(3238, 95)
(3239, 95)
(3240, 95)
(3241, 95)
(3242, 95)
(3243, 95)
(3244, 95)
(3245, 95)
(3246, 95)
(3247, 95)
(3248, 95)
(3249, 95)
(3250, 95)
(3251, 95)
(3252, 95)
(3253, 95)
(3254, 95)
(3255, 95)
(3256, 95)
(3257, 95)
(3258, 95)
(3259, 95)
(3260, 95)
(3261, 95)
(3262, 95)
(3263, 95)
(3264, 95)
(3265, 95)
(3266, 95)
(3267, 95)
(3268, 95)
(3269, 95)
(3270, 95)
(3271, 95)
(3272, 95)
(3273, 95)
(3274, 95)
(3275, 95)
(3276, 95)
(3277, 95)
(3278, 95)
(3279, 95)
(3280, 95)
(3281, 95)
(3282, 95)
(3283, 95)
(3284, 95)
(3285, 95)
(3286, 95)
(3287, 95)
(3288, 95)
(3289, 95)
(3290, 95)
(3291, 95)
(3292, 95)
(3293, 95)
(3294, 95)
(3295, 95)
(3296, 95)
(3297, 95)
(3298, 95)
(3299, 95)
(3300, 95)
(3301, 95)
(3302, 95)
(3303, 95)
(3304, 95)
(3305, 95)
(3306, 95)
(3307, 95)
(3308, 95)
(3309, 95)
(3310, 95)
(3311, 95)
(3312, 95)
(3313, 95)
(3314, 95)
(3315, 95)
(3316, 95)
(3317, 95)
(3318, 95)
(3319, 95)
(3320, 95)
(3321, 95)
(3322, 95)
(3323, 95)
(3324, 95)
(3325, 95)
(3326, 95)
(3327, 95)
(3328, 95)
(3329, 95)
(3330, 95)
(3331, 95)
(3332, 95)
(3333, 95)
(3334, 95)
(3335, 95)
(3336, 95)
(3337, 95)
(3338, 95)
(3339, 95)
(3340, 95)
(3341, 95)
(3342, 95)
(3343, 95)
(3344, 95)
(3345, 95)
(3346, 95)
(3347, 95)
(3348, 95)
(3349, 95)
(3350, 95)
(3351, 95)
(3352, 95)
(3353, 95)
(3354, 95)
(3355, 95)
(3356, 95)
(3357, 95)
(3358, 95)
(3359, 95)
(3360, 95)
(3361, 95)
(3362, 95)
(3363, 95)
(3364, 95)
(3365, 95)
(3366, 95)
(3367, 95)
(3368, 95)
(3369, 95)
(3370, 95)
(3371, 95)
(3372, 95)
(3373, 95)
(3374, 95)
(3375, 95)
(3376, 95)
(3377, 95)
(3378, 95)
(3379, 95)
(3380, 95)
(3381, 95)
(3382, 95)
(3383, 95)
(3384, 95)
(3385, 95)
(3386, 95)
(3387, 95)
(3388, 95)
(3389, 95)
(3390, 95)
(3391, 95)
(3392, 95)
(3393, 95)
(3394, 95)
(3395, 95)
(3396, 95)
(3397, 95)
(3398, 95)
(3399, 95)
(3400, 95)
(3401, 95)
(3402, 95)
(3403, 95)
(3404, 95)
(3405, 95)
(3406, 95)
(3407, 95)
(3408, 95)
(3409, 95)
(3410, 95)
(3411, 95)
(3412, 95)
(3413, 95)
(3414, 95)
(3415, 95)
(3416, 95)
(3417, 95)
(3418, 95)
(3419, 95)
(3420, 95)
(3421, 95)
(3422, 95)
(3423, 95)
(3424, 95)
(3425, 95)
(3426, 95)
(3427, 95)
(3428, 95)
(3429, 95)
(3430, 95)
(3431, 95)
(3432, 95)
(3433, 95)
(3434, 95)
(3435, 95)
(3436, 95)
(3437, 95)
(3438, 95)
(3439, 95)
(3440, 95)
(3441, 95)
(3442, 95)
(3443, 95)
(3444, 95)
(3445, 95)
(3446, 95)
(3447, 95)
(3448, 95)
(3449, 95)
(3450, 95)
(3451, 95)
(3452, 95)
(3453, 95)
(3454, 95)
(3455, 95)
(3456, 95)
(3457, 95)
(3458, 95)
(3459, 95)
(3460, 95)
(3461, 95)
(3462, 95)
(3463, 95)
(3464, 95)
(3465, 95)
(3466, 95)
(3467, 95)
(3468, 95)
(3469, 95)
(3470, 95)
(3471, 95)
(3472, 95)
(3473, 95)
(3474, 95)
(3475, 95)
(3476, 95)
(3477, 95)
(3478, 95)
(3479, 95)
(3480, 95)
(3481, 95)
(3482, 95)
(3483, 95)
(3484, 95)
(3485, 95)
(3486, 95)
(3487, 95)
(3488, 95)
(3489, 95)
(3490, 95)
(3491, 95)
(3492, 95)
(3493, 95)
(3494, 95)
(3495, 95)
(3496, 95)
(3497, 95)
(3498, 95)
(3499, 95)
(3500, 95)
(3501, 95)
(3502, 95)
(3503, 95)
(3504, 95)
(3505, 95)
(3506, 95)
(3507, 95)
(3508, 95)
(3509, 95)
(3510, 95)
(3511, 95)
(3512, 95)
(3513, 95)
(3514, 95)
(3515, 95)
(3516, 95)
(3517, 95)
(3518, 95)
(3519, 95)
(3520, 95)
(3521, 95)
(3522, 95)
(3523, 95)
(3524, 95)
(3525, 95)
(3526, 95)
(3527, 95)
(3528, 95)
(3529, 95)
(3530, 95)
(3531, 95)
(3532, 95)
(3533, 95)
(3534, 95)
(3535, 95)
(3536, 95)
(3537, 95)
(3538, 95)
(3539, 95)
(3540, 95)
(3541, 95)
(3542, 95)
(3543, 95)
(3544, 95)
(3545, 95)
(3546, 95)
(3547, 95)
(3548, 95)
(3549, 95)
(3550, 95)
(3551, 95)
(3552, 95)
(3553, 95)
(3554, 95)
(3555, 95)
(3556, 95)
(3557, 95)
(3558, 95)
(3559, 95)
(3560, 95)
(3561, 95)
(3562, 95)
(3563, 95)
(3564, 95)
(3565, 95)
(3566, 95)
(3567, 95)
(3568, 95)
(3569, 95)
(3570, 95)
(3571, 95)
(3572, 95)
(3573, 95)
(3574, 95)
(3575, 95)
(3576, 95)
(3577, 95)
(3578, 95)
(3579, 95)
(3580, 95)
(3581, 95)
(3582, 95)
(3583, 95)
(3584, 95)
(3585, 95)
(3586, 95)
(3587, 95)
(3588, 95)
(3589, 95)
(3590, 95)
(3591, 95)
(3592, 95)
(3593, 95)
(3594, 95)
(3595, 95)
(3596, 95)
(3597, 95)
(3598, 95)
(3599, 95)
(3600, 95)
(3601, 95)
(3602, 95)
(3603, 95)
(3604, 95)
(3605, 95)
(3606, 95)
(3607, 95)
(3608, 95)
(3609, 95)
(3610, 95)
(3611, 95)
(3612, 95)
(3613, 95)
(3614, 95)
(3615, 95)
(3616, 95)
(3617, 95)
(3618, 95)
(3619, 95)
(3620, 95)
(3621, 95)
(3622, 95)
(3623, 95)
(3624, 95)
(3625, 95)
(3626, 95)
(3627, 95)
(3628, 95)
(3629, 95)
(3630, 95)
(3631, 95)
(3632, 95)
(3633, 95)
(3634, 95)
(3635, 95)
(3636, 95)
(3637, 95)
(3638, 95)
(3639, 95)
(3640, 95)
(3641, 95)
(3642, 95)
(3643, 95)
(3644, 95)
(3645, 95)
(3646, 95)
(3647, 95)
(3648, 95)
(3649, 95)
(3650, 95)
(3651, 95)
(3652, 95)
(3653, 95)
(3654, 95)
(3655, 95)
(3656, 95)
(3657, 95)
(3658, 95)
(3659, 95)
(3660, 95)
(3661, 95)
(3662, 95)
(3663, 95)
(3664, 95)
(3665, 95)
(3666, 95)
(3667, 95)
(3668, 95)
(3669, 95)
(3670, 95)
(3671, 95)
(3672, 95)
(3673, 95)
(3674, 95)
(3675, 95)
(3676, 95)
(3677, 95)
(3678, 95)
(3679, 95)
(3680, 95)
(3681, 95)
(3682, 95)
(3683, 95)
(3684, 95)
(3685, 95)
(3686, 95)
(3687, 95)
(3688, 95)
(3689, 95)
(3690, 95)
(3691, 95)
(3692, 95)
(3693, 95)
(3694, 95)
(3695, 95)
(3696, 95)
(3697, 95)
(3698, 95)
(3699, 95)
(3700, 95)
(3701, 95)
(3702, 95)
(3703, 95)
(3704, 95)
(3705, 95)
(3706, 95)
(3707, 95)
(3708, 95)
(3709, 95)
(3710, 95)
(3711, 95)
(3712, 95)
(3713, 95)
(3714, 95)
(3715, 95)
(3716, 95)
(3717, 95)
(3718, 95)
(3719, 95)
(3720, 95)
(3721, 95)
(3722, 95)
(3723, 95)
(3724, 95)
(3725, 95)
(3726, 95)
(3727, 95)
(3728, 95)
(3729, 95)
(3730, 95)
(3731, 95)
(3732, 95)
(3733, 95)
(3734, 95)
(3735, 95)
(3736, 95)
(3737, 95)
(3738, 95)
(3739, 95)
(3740, 95)
(3741, 95)
(3742, 95)
(3743, 95)
(3744, 95)
(3745, 95)
(3746, 95)
(3747, 95)
(3748, 95)
(3749, 95)
(3750, 95)
(3751, 95)
(3752, 95)
(3753, 95)
(3754, 95)
(3755, 95)
(3756, 95)
(3757, 95)
(3758, 95)
(3759, 95)
(3760, 95)
(3761, 95)
(3762, 95)
(3763, 95)
(3764, 95)
(3765, 95)
(3766, 95)
(3767, 95)
(3768, 95)
(3769, 95)
(3770, 95)
(3771, 95)
(3772, 95)
(3773, 95)
(3774, 95)
(3775, 95)
(3776, 95)
(3777, 95)
(3778, 95)
(3779, 95)
(3780, 95)
(3781, 95)
(3782, 95)
(3783, 95)
(3784, 95)
(3785, 95)
(3786, 95)
(3787, 95)
(3788, 95)
(3789, 95)
(3790, 95)
(3791, 95)
(3792, 95)
(3793, 95)
(3794, 95)
(3795, 95)
(3796, 95)
(3797, 95)
(3798, 95)
(3799, 95)
(3800, 95)
(3801, 95)
(3802, 95)
(3803, 95)
(3804, 95)
(3805, 95)
(3806, 95)
(3807, 95)
(3808, 95)
(3809, 95)
(3810, 95)
(3811, 95)
(3812, 95)
(3813, 95)
(3814, 95)
(3815, 95)
(3816, 95)
(3817, 95)
(3818, 95)
(3819, 95)
(3820, 95)
(3821, 95)
(3822, 95)
(3823, 95)
(3824, 95)
(3825, 95)
(3826, 95)
(3827, 95)
(3828, 95)
(3829, 95)
(3830, 95)
(3831, 95)
(3832, 95)
(3833, 95)
(3834, 95)
(3835, 95)
(3836, 95)
(3837, 95)
(3838, 95)
(3839, 95)
(3840, 95)
(3841, 95)
(3842, 95)
(3843, 95)
(3844, 95)
(3845, 95)
(3846, 95)
(3847, 95)
(3848, 95)
(3849, 95)
(3850, 95)
(3851, 95)
(3852, 95)
(3853, 95)
(3854, 95)
(3855, 95)
(3856, 95)
(3857, 95)
(3858, 95)
(3859, 95)
(3860, 95)
(3861, 95)
(3862, 95)
(3863, 95)
(3864, 95)
(3865, 95)
(3866, 95)
(3867, 95)
(3868, 95)
(3869, 95)
(3870, 95)
(3871, 95)
(3872, 95)
(3873, 95)
(3874, 95)
(3875, 95)
(3876, 95)
(3877, 95)
(3878, 95)
(3879, 95)
(3880, 95)
(3881, 95)
(3882, 95)
(3883, 95)
(3884, 95)
(3885, 95)
(3886, 95)
(3887, 95)
(3888, 95)
(3889, 95)
(3890, 95)
(3891, 95)
(3892, 95)
(3893, 95)
(3894, 95)
(3895, 95)
(3896, 95)
(3897, 95)
(3898, 95)
(3899, 95)
(3900, 95)
(3901, 95)
(3902, 95)
(3903, 95)
(3904, 95)
(3905, 95)
(3906, 95)
(3907, 95)
(3908, 95)
(3909, 95)
(3910, 95)
(3911, 95)
(3912, 95)
(3913, 95)
(3914, 95)
(3915, 95)
(3916, 95)
(3917, 95)
(3918, 95)
(3919, 95)
(3920, 95)
(3921, 95)
(3922, 95)
(3923, 95)
(3924, 95)
(3925, 95)
(3926, 95)
(3927, 95)
(3928, 95)
(3929, 95)
(3930, 95)
(3931, 95)
(3932, 95)
(3933, 95)
(3934, 95)
(3935, 95)
(3936, 95)
(3937, 95)
(3938, 95)
(3939, 95)
(3940, 95)
(3941, 95)
(3942, 95)
(3943, 95)
(3944, 95)
(3945, 95)
(3946, 95)
(3947, 95)
(3948, 95)
(3949, 95)
(3950, 95)
(3951, 95)
(3952, 95)
(3953, 95)
(3954, 95)
(3955, 95)
(3956, 95)
(3957, 95)
(3958, 95)
(3959, 95)
(3960, 95)
(3961, 95)
(3962, 95)
(3963, 95)
(3964, 95)
(3965, 95)
(3966, 95)
(3967, 95)
(3968, 95)
(3969, 95)
(3970, 95)
(3971, 95)
(3972, 95)
(3973, 95)
(3974, 95)
(3975, 95)
(3976, 95)
(3977, 95)
(3978, 95)
(3979, 95)
(3980, 95)
(3981, 95)
(3982, 95)
(3983, 95)
(3984, 95)
(3985, 95)
(3986, 95)
(3987, 95)
(3988, 95)
(3989, 95)
(3990, 95)
(3991, 95)
(3992, 95)
(3993, 95)
(3994, 95)
(3995, 95)
(3996, 95)
(3997, 95)
(3998, 95)
(3999, 95)
(4000, 95)
(4001, 95)
(4002, 95)
(4003, 95)
(4004, 95)
(4005, 95)
(4006, 95)
(4007, 95)
(4008, 95)
(4009, 95)
(4010, 95)
(4011, 95)
(4012, 95)
(4013, 95)
(4014, 95)
(4015, 95)
(4016, 95)
(4017, 95)
(4018, 95)
(4019, 95)
(4020, 95)
(4021, 95)
(4022, 95)
(4023, 95)
(4024, 95)
(4025, 95)
(4026, 95)
(4027, 95)
(4028, 95)
(4029, 95)
(4030, 95)
(4031, 95)
(4032, 95)
(4033, 95)
(4034, 95)
(4035, 95)
(4036, 95)
(4037, 95)
(4038, 95)
(4039, 95)
(4040, 95)
(4041, 95)
(4042, 95)
(4043, 95)
(4044, 95)
(4045, 95)
(4046, 95)
(4047, 95)
(4048, 95)
(4049, 95)
(4050, 95)
(4051, 95)
(4052, 95)
(4053, 95)
(4054, 95)
(4055, 95)
(4056, 95)
(4057, 95)
(4058, 95)
(4059, 95)
(4060, 95)
(4061, 95)
(4062, 95)
(4063, 95)
(4064, 95)
(4065, 95)
(4066, 95)
(4067, 95)
(4068, 95)
(4069, 95)
(4070, 95)
(4071, 95)
(4072, 95)
(4073, 95)
(4074, 95)
(4075, 95)
(4076, 95)
(4077, 95)
(4078, 95)
(4079, 95)
(4080, 95)
(4081, 95)
(4082, 95)
(4083, 95)
(4084, 95)
(4085, 95)
(4086, 95)
(4087, 95)
(4088, 95)
(4089, 95)
(4090, 95)
(4091, 95)
(4092, 95)
(4093, 95)
(4094, 95)
(4095, 95)
(4096, 95)
(4097, 95)
(4098, 95)
(4099, 95)
(4100, 95)
(4101, 95)
(4102, 95)
(4103, 95)
(4104, 95)
(4105, 95)
(4106, 95)
(4107, 95)
(4108, 95)
(4109, 95)
(4110, 95)
(4111, 95)
(4112, 95)
(4113, 95)
(4114, 95)
(4115, 95)
(4116, 95)
(4117, 95)
(4118, 95)
(4119, 95)
(4120, 95)
(4121, 95)
(4122, 95)
(4123, 95)
(4124, 95)
(4125, 95)
(4126, 95)
(4127, 95)
(4128, 95)
(4129, 95)
(4130, 95)
(4131, 95)
(4132, 95)
(4133, 95)
(4134, 95)
(4135, 95)
(4136, 95)
(4137, 95)
(4138, 95)
(4139, 95)
(4140, 95)
(4141, 95)
(4142, 95)
(4143, 95)
(4144, 95)
(4145, 95)
(4146, 95)
(4147, 95)
(4148, 95)
(4149, 95)
(4150, 95)
(4151, 95)
(4152, 95)
(4153, 95)
(4154, 95)
(4155, 95)
(4156, 95)
(4157, 95)
(4158, 95)
(4159, 95)
(4160, 95)
(4161, 95)
(4162, 95)
(4163, 95)
(4164, 95)
(4165, 95)
(4166, 95)
(4167, 95)
(4168, 95)
(4169, 95)
(4170, 95)
(4171, 95)
(4172, 95)
(4173, 95)
(4174, 95)
(4175, 95)
(4176, 95)
(4177, 95)
(4178, 95)
(4179, 95)
(4180, 95)
(4181, 95)
(4182, 95)
(4183, 95)
(4184, 95)
(4185, 95)
(4186, 95)
(4187, 95)
(4188, 95)
(4189, 95)
(4190, 95)
(4191, 95)
(4192, 95)
(4193, 95)
(4194, 95)
(4195, 95)
(4196, 95)
(4197, 95)
(4198, 95)
(4199, 95)
(4200, 95)
(4201, 95)
(4202, 95)
(4203, 95)
(4204, 95)
(4205, 95)
(4206, 95)
(4207, 95)
(4208, 95)
(4209, 95)
(4210, 95)
(4211, 95)
(4212, 95)
(4213, 95)
(4214, 95)
(4215, 95)
(4216, 95)
(4217, 95)
(4218, 95)
(4219, 95)
(4220, 95)
(4221, 95)
(4222, 95)
(4223, 95)
(4224, 95)
(4225, 95)
(4226, 95)
(4227, 95)
(4228, 95)
(4229, 95)
(4230, 95)
(4231, 95)
(4232, 95)
(4233, 95)
(4234, 95)
(4235, 95)
(4236, 95)
(4237, 95)
(4238, 95)
(4239, 95)
(4240, 95)
(4241, 95)
(4242, 95)
(4243, 95)
(4244, 95)
(4245, 95)
(4246, 95)
(4247, 95)
(4248, 95)
(4249, 95)
(4250, 95)
(4251, 95)
(4252, 95)
(4253, 95)
(4254, 95)
(4255, 95)
(4256, 95)
(4257, 95)
(4258, 95)
(4259, 95)
(4260, 95)
(4261, 95)
(4262, 95)
(4263, 95)
(4264, 95)
(4265, 95)
(4266, 95)
(4267, 95)
(4268, 95)
(4269, 95)
(4270, 95)
(4271, 95)
(4272, 95)
(4273, 95)
(4274, 95)
(4275, 95)
(4276, 95)
(4277, 95)
(4278, 95)
(4279, 95)
(4280, 95)
(4281, 95)
(4282, 95)
(4283, 95)
(4284, 95)
(4285, 95)
(4286, 95)
(4287, 95)
(4288, 95)
(4289, 95)
(4290, 95)
(4291, 95)
(4292, 95)
(4293, 95)
(4294, 95)
(4295, 95)
(4296, 95)
(4297, 95)
(4298, 95)
(4299, 95)
(4300, 95)
(4301, 95)
(4302, 95)
(4303, 95)
(4304, 95)
(4305, 95)
(4306, 95)
(4307, 95)
(4308, 95)
(4309, 95)
(4310, 95)
(4311, 95)
(4312, 95)
(4313, 95)
(4314, 95)
(4315, 95)
(4316, 95)
(4317, 95)
(4318, 95)
(4319, 95)
(4320, 95)
(4321, 95)
(4322, 95)
(4323, 95)
(4324, 95)
(4325, 95)
(4326, 95)
(4327, 95)
(4328, 95)
(4329, 95)
(4330, 95)
(4331, 95)
(4332, 95)
(4333, 95)
(4334, 95)
(4335, 95)
(4336, 95)
(4337, 95)
(4338, 95)
(4339, 95)
(4340, 95)
(4341, 95)
(4342, 95)
(4343, 95)
(4344, 95)
(4345, 95)
(4346, 95)
(4347, 95)
(4348, 95)
(4349, 95)
(4350, 95)
(4351, 95)
(4352, 95)
(4353, 95)
(4354, 95)
(4355, 95)
(4356, 95)
(4357, 95)
(4358, 95)
(4359, 95)
(4360, 95)
(4361, 95)
(4362, 95)
(4363, 95)
(4364, 95)
(4365, 95)
(4366, 95)
(4367, 95)
(4368, 95)
(4369, 95)
(4370, 95)
(4371, 95)
(4372, 95)
(4373, 95)
(4374, 95)
(4375, 95)
(4376, 95)
(4377, 95)
(4378, 95)
(4379, 95)
(4380, 95)
(4381, 95)
(4382, 95)
(4383, 95)
(4384, 95)
(4385, 95)
(4386, 95)
(4387, 95)
(4388, 95)
(4389, 95)
(4390, 95)
(4391, 95)
(4392, 95)
(4393, 95)
(4394, 95)
(4395, 95)
(4396, 95)
(4397, 95)
(4398, 95)
(4399, 95)
(4400, 95)
(4401, 95)
(4402, 95)
(4403, 95)
(4404, 95)
(4405, 95)
(4406, 95)
(4407, 95)
(4408, 95)
(4409, 95)
(4410, 95)
(4411, 95)
(4412, 95)
(4413, 95)
(4414, 95)
(4415, 95)
(4416, 95)
(4417, 95)
(4418, 95)
(4419, 95)
(4420, 95)
(4421, 95)
(4422, 95)
(4423, 95)
(4424, 95)
(4425, 95)
(4426, 95)
(4427, 95)
(4428, 95)
(4429, 95)
(4430, 95)
(4431, 95)
(4432, 95)
(4433, 95)
(4434, 95)
(4435, 95)
(4436, 95)
(4437, 95)
(4438, 95)
(4439, 95)
(4440, 95)
(4441, 95)
(4442, 95)
(4443, 95)
(4444, 95)
(4445, 95)
(4446, 95)
(4447, 95)
(4448, 95)
(4449, 95)
(4450, 95)
(4451, 95)
(4452, 95)
(4453, 95)
(4454, 95)
(4455, 95)
(4456, 95)
(4457, 95)
(4458, 95)
(4459, 95)
(4460, 95)
(4461, 95)
(4462, 95)
(4463, 95)
(4464, 95)
(4465, 95)
(4466, 95)
(4467, 95)
(4468, 95)
(4469, 95)
(4470, 95)
(4471, 95)
(4472, 95)
(4473, 95)
(4474, 95)
(4475, 95)
(4476, 95)
(4477, 95)
(4478, 95)
(4479, 95)
(4480, 95)
(4481, 95)
(4482, 95)
(4483, 95)
(4484, 95)
(4485, 95)
(4486, 95)
(4487, 95)
(4488, 95)
(4489, 95)
(4490, 95)
(4491, 95)
(4492, 95)
(4493, 95)
(4494, 95)
(4495, 95)
(4496, 95)
(4497, 95)
(4498, 95)
(4499, 95)
(4500, 95)
(4501, 95)
(4502, 95)
(4503, 95)
(4504, 95)
(4505, 95)
(4506, 95)
(4507, 95)
(4508, 95)
(4509, 95)
(4510, 95)
(4511, 95)
(4512, 95)
(4513, 95)
(4514, 95)
(4515, 95)
(4516, 95)
(4517, 95)
(4518, 95)
(4519, 95)
(4520, 95)
(4521, 95)
(4522, 95)
(4523, 95)
(4524, 95)
(4525, 95)
(4526, 95)
(4527, 95)
(4528, 95)
(4529, 95)
(4530, 95)
(4531, 95)
(4532, 95)
(4533, 95)
(4534, 95)
(4535, 95)
(4536, 95)
(4537, 95)
(4538, 95)
(4539, 95)
(4540, 95)
(4541, 95)
(4542, 95)
(4543, 95)
(4544, 95)
(4545, 95)
(4546, 95)
(4547, 95)
(4548, 95)
(4549, 95)
(4550, 95)
(4551, 95)
(4552, 95)
(4553, 95)
(4554, 95)
(4555, 95)
(4556, 95)
(4557, 95)
(4558, 95)
(4559, 95)
(4560, 95)
(4561, 95)
(4562, 95)
(4563, 95)
(4564, 95)
(4565, 95)
(4566, 95)
(4567, 95)
(4568, 95)
(4569, 95)
(4570, 95)
(4571, 95)
(4572, 95)
(4573, 95)
(4574, 95)
(4575, 95)
(4576, 95)
(4577, 95)
(4578, 95)
(4579, 95)
(4580, 95)
(4581, 95)
(4582, 95)
(4583, 95)
(4584, 95)
(4585, 95)
(4586, 95)
(4587, 95)
(4588, 95)
(4589, 95)
(4590, 95)
(4591, 95)
(4592, 95)
(4593, 95)
(4594, 95)
(4595, 95)
(4596, 95)
(4597, 95)
(4598, 95)
(4599, 95)
(4600, 95)
(4601, 95)
(4602, 95)
(4603, 95)
(4604, 95)
(4605, 95)
(4606, 95)
(4607, 95)
(4608, 95)
(4609, 95)
(4610, 95)
(4611, 95)
(4612, 95)
(4613, 95)
(4614, 95)
(4615, 95)
(4616, 95)
(4617, 95)
(4618, 95)
(4619, 95)
(4620, 95)
(4621, 95)
(4622, 95)
(4623, 95)
(4624, 95)
(4625, 95)
(4626, 95)
(4627, 95)
(4628, 95)
(4629, 95)
(4630, 95)
(4631, 95)
(4632, 95)
(4633, 95)
(4634, 95)
(4635, 95)
(4636, 95)
(4637, 95)
(4638, 95)
(4639, 95)
(4640, 95)
(4641, 95)
(4642, 95)
(4643, 95)
(4644, 95)
(4645, 95)
(4646, 95)
(4647, 95)
(4648, 95)
(4649, 95)
(4650, 95)
(4651, 95)
(4652, 95)
(4653, 95)
(4654, 95)
(4655, 95)
(4656, 95)
(4657, 95)
(4658, 95)
(4659, 95)
(4660, 95)
(4661, 95)
(4662, 95)
(4663, 95)
(4664, 95)
(4665, 95)
(4666, 95)
(4667, 95)
(4668, 95)
(4669, 95)
(4670, 95)
(4671, 95)
(4672, 95)
(4673, 95)
(4674, 95)
(4675, 95)
(4676, 95)
(4677, 95)
(4678, 95)
(4679, 95)
(4680, 95)
(4681, 95)
(4682, 95)
(4683, 95)
(4684, 95)
(4685, 95)
(4686, 95)
(4687, 95)
(4688, 95)
(4689, 95)
(4690, 95)
(4691, 95)
(4692, 95)
(4693, 95)
(4694, 95)
(4695, 95)
(4696, 95)
(4697, 95)
(4698, 95)
(4699, 95)
(4700, 95)
(4701, 95)
(4702, 95)
(4703, 95)
(4704, 95)
(4705, 95)
(4706, 95)
(4707, 95)
(4708, 95)
(4709, 95)
(4710, 95)
(4711, 95)
(4712, 95)
(4713, 95)
(4714, 95)
(4715, 95)
(4716, 95)
(4717, 95)
(4718, 95)
(4719, 95)
(4720, 95)
(4721, 95)
(4722, 95)
(4723, 95)
(4724, 95)
(4725, 95)
(4726, 95)
(4727, 95)
(4728, 95)
(4729, 95)
(4730, 95)
(4731, 95)
(4732, 95)
(4733, 95)
(4734, 95)
(4735, 95)
(4736, 95)
(4737, 95)
(4738, 95)
(4739, 95)
(4740, 95)
(4741, 95)
(4742, 95)
(4743, 95)
(4744, 95)
(4745, 95)
(4746, 95)
(4747, 95)
(4748, 95)
(4749, 95)
(4750, 95)
(4751, 95)
(4752, 95)
(4753, 95)
(4754, 95)
(4755, 95)
(4756, 95)
(4757, 95)
(4758, 95)
(4759, 95)
(4760, 95)
(4761, 95)
(4762, 95)
(4763, 95)
(4764, 95)
(4765, 95)
(4766, 95)
(4767, 95)
(4768, 95)
(4769, 95)
(4770, 95)
(4771, 95)
(4772, 95)
(4773, 95)
(4774, 95)
(4775, 95)
(4776, 95)
(4777, 95)
(4778, 95)
(4779, 95)
(4780, 95)
(4781, 95)
(4782, 95)
(4783, 95)
(4784, 95)
(4785, 95)
(4786, 95)
(4787, 95)
(4788, 95)
(4789, 95)
(4790, 95)
(4791, 95)
(4792, 95)
(4793, 95)
(4794, 95)
(4795, 95)
(4796, 95)
(4797, 95)
(4798, 95)
(4799, 95)
(4800, 95)
(4801, 95)
(4802, 95)
(4803, 95)
(4804, 95)
(4805, 95)
(4806, 95)
(4807, 95)
(4808, 95)
(4809, 95)
(4810, 95)
(4811, 95)
(4812, 95)
(4813, 95)
(4814, 95)
(4815, 95)
(4816, 95)
(4817, 95)
(4818, 95)
(4819, 95)
(4820, 95)
(4821, 95)
(4822, 95)
(4823, 95)
(4824, 95)
(4825, 95)
(4826, 95)
(4827, 95)
(4828, 95)
(4829, 95)
(4830, 95)
(4831, 95)
(4832, 95)
(4833, 95)
(4834, 95)
(4835, 95)
(4836, 95)
(4837, 95)
(4838, 95)
(4839, 95)
(4840, 95)
(4841, 95)
(4842, 95)
(4843, 95)
(4844, 95)
(4845, 95)
(4846, 95)
(4847, 95)
(4848, 95)
(4849, 95)
(4850, 95)
(4851, 95)
(4852, 95)
(4853, 95)
(4854, 95)
(4855, 95)
(4856, 95)
(4857, 95)
(4858, 95)
(4859, 95)
(4860, 95)
(4861, 95)
(4862, 95)
(4863, 95)
(4864, 95)
(4865, 95)
(4866, 95)
(4867, 95)
(4868, 95)
(4869, 95)
(4870, 95)
(4871, 95)
(4872, 95)
(4873, 95)
(4874, 95)
(4875, 95)
(4876, 95)
(4877, 95)
(4878, 95)
(4879, 95)
(4880, 95)
(4881, 95)
(4882, 95)
(4883, 95)
(4884, 95)
(4885, 95)
(4886, 95)
(4887, 95)
(4888, 95)
(4889, 95)
(4890, 95)
(4891, 95)
(4892, 95)
(4893, 95)
(4894, 95)
(4895, 95)
(4896, 95)
(4897, 95)
(4898, 95)
(4899, 95)
(4900, 95)
(4901, 95)
(4902, 95)
(4903, 95)
(4904, 95)
(4905, 95)
(4906, 95)
(4907, 95)
(4908, 95)
(4909, 95)
(4910, 95)
(4911, 95)
(4912, 95)
(4913, 95)
(4914, 95)
(4915, 95)
(4916, 95)
(4917, 95)
(4918, 95)
(4919, 95)
(4920, 95)
(4921, 95)
(4922, 95)
(4923, 95)
(4924, 95)
(4925, 95)
(4926, 95)
(4927, 95)
(4928, 95)
(4929, 95)
(4930, 95)
(4931, 95)
(4932, 95)
(4933, 95)
(4934, 95)
(4935, 95)
(4936, 95)
(4937, 95)
(4938, 95)
(4939, 95)
(4940, 95)
(4941, 95)
(4942, 95)
(4943, 95)
(4944, 95)
(4945, 95)
(4946, 95)
(4947, 95)
(4948, 95)
(4949, 95)
(4950, 95)
(4951, 95)
(4952, 95)
(4953, 95)
(4954, 95)
(4955, 95)
(4956, 95)
(4957, 95)
(4958, 95)
(4959, 95)
(4960, 95)
(4961, 95)
(4962, 95)
(4963, 95)
(4964, 95)
(4965, 95)
(4966, 95)
(4967, 95)
(4968, 95)
(4969, 95)
(4970, 95)
(4971, 95)
(4972, 95)
(4973, 95)
(4974, 95)
(4975, 95)
(4976, 95)
(4977, 95)
(4978, 95)
(4979, 95)
(4980, 95)
(4981, 95)
(4982, 95)
(4983, 95)
(4984, 95)
(4985, 95)
(4986, 95)
(4987, 95)
(4988, 95)
(4989, 95)
(4990, 95)
(4991, 95)
(4992, 95)
(4993, 95)
(4994, 95)
(4995, 95)
(4996, 95)
(4997, 95)
(4998, 95)
(4999, 95)
(5000, 95)
(5001, 95)
(5002, 95)
(5003, 95)
(5004, 95)
(5005, 95)
(5006, 95)
(5007, 95)
(5008, 95)
(5009, 95)
(5010, 95)
(5011, 95)
(5012, 95)
(5013, 95)
(5014, 95)
(5015, 95)
(5016, 95)
(5017, 95)
(5018, 95)
(5019, 95)
(5020, 95)
(5021, 95)
(5022, 95)
(5023, 95)
(5024, 95)
(5025, 95)
(5026, 95)
(5027, 95)
(5028, 95)
(5029, 95)
(5030, 95)
(5031, 95)
(5032, 95)
(5033, 95)
(5034, 95)
(5035, 95)
(5036, 95)
(5037, 95)
(5038, 95)
(5039, 95)
(5040, 95)
(5041, 95)
(5042, 95)
(5043, 95)
(5044, 95)
(5045, 95)
(5046, 95)
(5047, 95)
(5048, 95)
(5049, 95)
(5050, 95)
(5051, 95)
(5052, 95)
(5053, 95)
(5054, 95)
(5055, 95)
(5056, 95)
(5057, 95)
(5058, 95)
(5059, 95)
(5060, 95)
(5061, 95)
(5062, 95)
(5063, 95)
(5064, 95)
(5065, 95)
(5066, 95)
(5067, 95)
(5068, 95)
(5069, 95)
(5070, 95)
(5071, 95)
(5072, 95)
(5073, 95)
(5074, 95)
(5075, 95)
(5076, 95)
(5077, 95)
(5078, 95)
(5079, 95)
(5080, 95)
(5081, 95)
(5082, 95)
(5083, 95)
(5084, 95)
(5085, 95)
(5086, 95)
(5087, 95)
(5088, 95)
(5089, 95)
(5090, 95)
(5091, 95)
(5092, 95)
(5093, 95)
(5094, 95)
(5095, 95)
(5096, 95)
(5097, 95)
(5098, 95)
(5099, 95)
(5100, 95)
(5101, 95)
(5102, 95)
(5103, 95)
(5104, 95)
(5105, 95)
(5106, 95)
(5107, 95)
(5108, 95)
(5109, 95)
(5110, 95)
(5111, 95)
(5112, 95)
(5113, 95)
(5114, 95)
(5115, 95)
(5116, 95)
(5117, 95)
(5118, 95)
(5119, 95)
(5120, 95)
(5121, 95)
(5122, 95)
(5123, 95)
(5124, 95)
(5125, 95)
(5126, 95)
(5127, 95)
(5128, 95)
(5129, 95)
(5130, 95)
(5131, 95)
(5132, 95)
(5133, 95)
(5134, 95)
(5135, 95)
(5136, 95)
(5137, 95)
(5138, 95)
(5139, 95)
(5140, 95)
(5141, 95)
(5142, 95)
(5143, 95)
(5144, 95)
(5145, 95)
(5146, 95)
(5147, 95)
(5148, 95)
(5149, 95)
(5150, 95)
(5151, 95)
(5152, 95)
(5153, 95)
(5154, 95)
(5155, 95)
(5156, 95)
(5157, 95)
(5158, 95)
(5159, 95)
(5160, 95)
(5161, 95)
(5162, 95)
(5163, 95)
(5164, 95)
(5165, 95)
(5166, 95)
(5167, 95)
(5168, 95)
(5169, 95)
(5170, 95)
(5171, 95)
(5172, 95)
(5173, 95)
(5174, 95)
(5175, 95)
(5176, 95)
(5177, 95)
(5178, 95)
(5179, 95)
(5180, 95)
(5181, 95)
(5182, 95)
(5183, 95)
(5184, 95)
(5185, 95)
(5186, 95)
(5187, 95)
(5188, 95)
(5189, 95)
(5190, 95)
(5191, 95)
(5192, 95)
(5193, 95)
(5194, 95)
(5195, 95)
(5196, 95)
(5197, 95)
(5198, 95)
(5199, 95)
(5200, 95)
(5201, 95)
(5202, 95)
(5203, 95)
(5204, 95)
(5205, 95)
(5206, 95)
(5207, 95)
(5208, 95)
(5209, 95)
(5210, 95)
(5211, 95)
(5212, 95)
(5213, 95)
(5214, 95)
(5215, 95)
(5216, 95)
(5217, 95)
(5218, 95)
(5219, 95)
(5220, 95)
(5221, 95)
(5222, 95)
(5223, 95)
(5224, 95)
(5225, 95)
(5226, 95)
(5227, 95)
(5228, 95)
(5229, 95)
(5230, 95)
(5231, 95)
(5232, 95)
(5233, 95)
(5234, 95)
(5235, 95)
(5236, 95)
(5237, 95)
(5238, 95)
(5239, 95)
(5240, 95)
(5241, 95)
(5242, 95)
(5243, 95)
(5244, 95)
(5245, 95)
(5246, 95)
(5247, 95)
(5248, 95)
(5249, 95)
(5250, 95)
(5251, 95)
(5252, 95)
(5253, 95)
(5254, 95)
(5255, 95)
(5256, 95)
(5257, 95)
(5258, 95)
(5259, 95)
(5260, 95)
(5261, 95)
(5262, 95)
(5263, 95)
(5264, 95)
(5265, 95)
(5266, 95)
(5267, 95)
(5268, 95)
(5269, 95)
(5270, 95)
(5271, 95)
(5272, 95)
(5273, 95)
(5274, 95)
(5275, 95)
(5276, 95)
(5277, 95)
(5278, 95)
(5279, 95)
(5280, 95)
(5281, 95)
(5282, 95)
(5283, 95)
(5284, 95)
(5285, 95)
(5286, 95)
(5287, 95)
(5288, 95)
(5289, 95)
(5290, 95)
(5291, 95)
(5292, 95)
(5293, 95)
(5294, 95)
(5295, 95)
(5296, 95)
(5297, 95)
(5298, 95)
(5299, 95)
(5300, 95)
(5301, 95)
(5302, 95)
(5303, 95)
(5304, 95)
(5305, 95)
(5306, 95)
(5307, 95)
(5308, 95)
(5309, 95)
(5310, 95)
(5311, 95)
(5312, 95)
(5313, 95)
(5314, 95)
(5315, 95)
(5316, 95)
(5317, 95)
(5318, 95)
(5319, 95)
(5320, 95)
(5321, 95)
(5322, 95)
(5323, 95)
(5324, 95)
(5325, 95)
(5326, 95)
(5327, 95)
(5328, 95)
(5329, 95)
(5330, 95)
(5331, 95)
(5332, 95)
(5333, 95)
(5334, 95)
(5335, 95)
(5336, 95)
(5337, 95)
(5338, 95)
(5339, 95)
(5340, 95)
(5341, 95)
(5342, 95)
(5343, 95)
(5344, 95)
(5345, 95)
(5346, 95)
(5347, 95)
(5348, 95)
(5349, 95)
(5350, 95)
(5351, 95)
(5352, 95)
(5353, 95)
(5354, 95)
(5355, 95)
(5356, 95)
(5357, 95)
(5358, 95)
(5359, 95)
(5360, 95)
(5361, 95)
(5362, 95)
(5363, 95)
(5364, 95)
(5365, 95)
(5366, 95)
(5367, 95)
(5368, 95)
(5369, 95)
(5370, 95)
(5371, 95)
(5372, 95)
(5373, 95)
(5374, 95)
(5375, 95)
(5376, 95)
(5377, 95)
(5378, 95)
(5379, 95)
(5380, 95)
(5381, 95)
(5382, 95)
(5383, 95)
(5384, 95)
(5385, 95)
(5386, 95)
(5387, 95)
(5388, 95)
(5389, 95)
(5390, 95)
(5391, 95)
(5392, 95)
(5393, 95)
(5394, 95)
(5395, 95)
(5396, 95)
(5397, 95)
(5398, 95)
(5399, 95)
(5400, 95)
(5401, 95)
(5402, 95)
(5403, 95)
(5404, 95)
(5405, 95)
(5406, 95)
(5407, 95)
(5408, 95)
(5409, 95)
(5410, 95)
(5411, 95)
(5412, 95)
(5413, 95)
(5414, 95)
(5415, 95)
(5416, 95)
(5417, 95)
(5418, 95)
(5419, 95)
(5420, 95)
(5421, 95)
(5422, 95)
(5423, 95)
(5424, 95)
(5425, 95)
(5426, 95)
(5427, 95)
(5428, 95)
(5429, 95)
(5430, 95)
(5431, 95)
(5432, 95)
(5433, 95)
(5434, 95)
(5435, 95)
(5436, 95)
(5437, 95)
(5438, 95)
(5439, 95)
(5440, 95)
(5441, 95)
(5442, 95)
(5443, 95)
(5444, 95)
(5445, 95)
(5446, 95)
(5447, 95)
(5448, 95)
(5449, 95)
(5450, 95)
(5451, 95)
(5452, 95)
(5453, 95)
(5454, 95)
(5455, 95)
(5456, 95)
(5457, 95)
(5458, 95)
(5459, 95)
(5460, 95)
(5461, 95)
(5462, 95)
(5463, 95)
(5464, 95)
(5465, 95)
(5466, 95)
(5467, 95)
(5468, 95)
(5469, 95)
(5470, 95)
(5471, 95)
(5472, 95)
(5473, 95)
(5474, 95)
(5475, 95)
(5476, 95)
(5477, 95)
(5478, 95)
(5479, 95)
(5480, 95)
(5481, 95)
(5482, 95)
(5483, 95)
(5484, 95)
(5485, 95)
(5486, 95)
(5487, 95)
(5488, 95)
(5489, 95)
(5490, 95)
(5491, 95)
(5492, 95)
(5493, 95)
(5494, 95)
(5495, 95)
(5496, 95)
(5497, 95)
(5498, 95)
(5499, 95)
(5500, 95)
(5501, 95)
(5502, 95)
(5503, 95)
(5504, 95)
(5505, 95)
(5506, 95)
(5507, 95)
(5508, 95)
(5509, 95)
(5510, 95)
(5511, 95)
(5512, 95)
(5513, 95)
(5514, 95)
(5515, 95)
(5516, 95)
(5517, 95)
(5518, 95)
(5519, 95)
(5520, 95)
(5521, 95)
(5522, 95)
(5523, 95)
(5524, 95)
(5525, 95)
(5526, 95)
(5527, 95)
(5528, 95)
(5529, 95)
(5530, 95)
(5531, 95)
(5532, 95)
(5533, 95)
(5534, 95)
(5535, 95)
(5536, 95)
(5537, 95)
(5538, 95)
(5539, 95)
(5540, 95)
(5541, 95)
(5542, 95)
(5543, 95)
(5544, 95)
(5545, 95)
(5546, 95)
(5547, 95)
(5548, 95)
(5549, 95)
(5550, 95)
(5551, 95)
(5552, 95)
(5553, 95)
(5554, 95)
(5555, 95)
(5556, 95)
(5557, 95)
(5558, 95)
(5559, 95)
(5560, 95)
(5561, 95)
(5562, 95)
(5563, 95)
(5564, 95)
(5565, 95)
(5566, 95)
(5567, 95)
(5568, 95)
(5569, 95)
(5570, 95)
(5571, 95)
(5572, 95)
(5573, 95)
(5574, 95)
(5575, 95)
(5576, 95)
(5577, 95)
(5578, 95)
(5579, 95)
(5580, 95)
(5581, 95)
(5582, 95)
(5583, 95)
(5584, 95)
(5585, 95)
(5586, 95)
(5587, 95)
(5588, 95)
(5589, 95)
(5590, 95)
(5591, 95)
(5592, 95)
(5593, 95)
(5594, 95)
(5595, 95)
(5596, 95)
(5597, 95)
(5598, 95)
(5599, 95)
(5600, 95)
(5601, 95)
(5602, 95)
(5603, 95)
(5604, 95)
(5605, 95)
(5606, 95)
(5607, 95)
(5608, 95)
(5609, 95)
(5610, 95)
(5611, 95)
(5612, 95)
(5613, 95)
(5614, 95)
(5615, 95)
(5616, 95)
(5617, 95)
(5618, 95)
(5619, 95)
(5620, 95)
(5621, 95)
(5622, 95)
(5623, 95)
(5624, 95)
(5625, 95)
(5626, 95)
(5627, 95)
(5628, 95)
(5629, 95)
(5630, 95)
(5631, 95)
(5632, 95)
(5633, 95)
(5634, 95)
(5635, 95)
(5636, 95)
(5637, 95)
(5638, 95)
(5639, 95)
(5640, 95)
(5641, 95)
(5642, 95)
(5643, 95)
(5644, 95)
(5645, 95)
(5646, 95)
(5647, 95)
(5648, 95)
(5649, 95)
(5650, 95)
(5651, 95)
(5652, 95)
(5653, 95)
(5654, 95)
(5655, 95)
(5656, 95)
(5657, 95)
(5658, 95)
(5659, 95)
(5660, 95)
(5661, 95)
(5662, 95)
(5663, 95)
(5664, 95)
(5665, 95)
(5666, 95)
(5667, 95)
(5668, 95)
(5669, 95)
(5670, 95)
(5671, 95)
(5672, 95)
(5673, 95)
(5674, 95)
(5675, 95)
(5676, 95)
(5677, 95)
(5678, 95)
(5679, 95)
(5680, 95)
(5681, 95)
(5682, 95)
(5683, 95)
(5684, 95)
(5685, 95)
(5686, 95)
(5687, 95)
(5688, 95)
(5689, 95)
(5690, 95)
(5691, 95)
(5692, 95)
(5693, 95)
(5694, 95)
(5695, 95)
(5696, 95)
(5697, 95)
(5698, 95)
(5699, 95)
(5700, 95)
(5701, 95)
(5702, 95)
(5703, 95)
(5704, 95)
(5705, 95)
(5706, 95)
(5707, 95)
(5708, 95)
(5709, 95)
(5710, 95)
(5711, 95)
(5712, 95)
(5713, 95)
(5714, 95)
(5715, 95)
(5716, 95)
(5717, 95)
(5718, 95)
(5719, 95)
(5720, 95)
(5721, 95)
(5722, 95)
(5723, 95)
(5724, 95)
(5725, 95)
(5726, 95)
(5727, 95)
(5728, 95)
(5729, 95)
(5730, 95)
(5731, 95)
(5732, 95)
(5733, 95)
(5734, 95)
(5735, 95)
(5736, 95)
(5737, 95)
(5738, 95)
(5739, 95)
(5740, 95)
(5741, 95)
(5742, 95)
(5743, 95)
(5744, 95)
(5745, 95)
(5746, 95)
(5747, 95)
(5748, 95)
(5749, 95)
(5750, 95)
(5751, 95)
(5752, 95)
(5753, 95)
(5754, 95)
(5755, 95)
(5756, 95)
(5757, 95)
(5758, 95)
(5759, 95)
(5760, 95)
(5761, 95)
(5762, 95)
(5763, 95)
(5764, 95)
(5765, 95)
(5766, 95)
(5767, 95)
(5768, 95)
(5769, 95)
(5770, 95)
(5771, 95)
(5772, 95)
(5773, 95)
(5774, 95)
(5775, 95)
(5776, 95)
(5777, 95)
(5778, 95)
(5779, 95)
(5780, 95)
(5781, 95)
(5782, 95)
(5783, 95)
(5784, 95)
(5785, 95)
(5786, 95)
(5787, 95)
(5788, 95)
(5789, 95)
(5790, 95)
(5791, 95)
(5792, 95)
(5793, 95)
(5794, 95)
(5795, 95)
(5796, 95)
(5797, 95)
(5798, 95)
(5799, 95)
(5800, 95)
(5801, 95)
(5802, 95)
(5803, 95)
(5804, 95)
(5805, 95)
(5806, 95)
(5807, 95)
(5808, 95)
(5809, 95)
(5810, 95)
(5811, 95)
(5812, 95)
(5813, 95)
(5814, 95)
(5815, 95)
(5816, 95)
(5817, 95)
(5818, 95)
(5819, 95)
(5820, 95)
(5821, 95)
(5822, 95)
(5823, 95)
(5824, 95)
(5825, 95)
(5826, 95)
(5827, 95)
(5828, 95)
(5829, 95)
(5830, 95)
(5831, 95)
(5832, 95)
(5833, 95)
(5834, 95)
(5835, 95)
(5836, 95)
(5837, 95)
(5838, 95)
(5839, 95)
(5840, 95)
(5841, 95)
(5842, 95)
(5843, 95)
(5844, 95)
(5845, 95)
(5846, 95)
(5847, 95)
(5848, 95)
(5849, 95)
(5850, 95)
(5851, 95)
(5852, 95)
(5853, 95)
(5854, 95)
(5855, 95)
(5856, 95)
(5857, 95)
(5858, 95)
(5859, 95)
(5860, 95)
(5861, 95)
(5862, 95)
(5863, 95)
(5864, 95)
(5865, 95)
(5866, 95)
(5867, 95)
(5868, 95)
(5869, 95)
(5870, 95)
(5871, 95)
(5872, 95)
(5873, 95)
(5874, 95)
(5875, 95)
(5876, 95)
(5877, 95)
(5878, 95)
(5879, 95)
(5880, 95)
(5881, 95)
(5882, 95)
(5883, 95)
(5884, 95)
(5885, 95)
(5886, 95)
(5887, 95)
(5888, 95)
(5889, 95)
(5890, 95)
(5891, 95)
(5892, 95)
(5893, 95)
(5894, 95)
(5895, 95)
(5896, 95)
(5897, 95)
(5898, 95)
(5899, 95)
(5900, 95)
(5901, 95)
(5902, 95)
(5903, 95)
(5904, 95)
(5905, 95)
(5906, 95)
(5907, 95)
(5908, 95)
(5909, 95)
(5910, 95)
(5911, 95)
(5912, 95)
(5913, 95)
(5914, 95)
(5915, 95)
(5916, 95)
(5917, 95)
(5918, 95)
(5919, 95)
(5920, 95)
(5921, 95)
(5922, 95)
(5923, 95)
(5924, 95)
(5925, 95)
(5926, 95)
(5927, 95)
(5928, 95)
(5929, 95)
(5930, 95)
(5931, 95)
(5932, 95)
(5933, 95)
(5934, 95)
(5935, 95)
(5936, 95)
(5937, 95)
(5938, 95)
(5939, 95)
(5940, 95)
(5941, 95)
(5942, 95)
(5943, 95)
(5944, 95)
(5945, 95)
(5946, 95)
(5947, 95)
(5948, 95)
(5949, 95)
(5950, 95)
(5951, 95)
(5952, 95)
(5953, 95)
(5954, 95)
(5955, 95)
(5956, 95)
(5957, 95)
(5958, 95)
(5959, 95)
(5960, 95)
(5961, 95)
(5962, 95)
(5963, 95)
(5964, 95)
(5965, 95)
(5966, 95)
(5967, 95)
(5968, 95)
(5969, 95)
(5970, 95)
(5971, 95)
(5972, 95)
(5973, 95)
(5974, 95)
(5975, 95)
(5976, 95)
(5977, 95)
(5978, 95)
(5979, 95)
(5980, 95)
(5981, 95)
(5982, 95)
(5983, 95)
(5984, 95)
(5985, 95)
(5986, 95)
(5987, 95)
(5988, 95)
(5989, 95)
(5990, 95)
(5991, 95)
(5992, 95)
(5993, 95)
(5994, 95)
(5995, 95)
(5996, 95)
(5997, 95)
(5998, 95)
(5999, 95)
(6000, 95)
#GA RELOADED 2.0.1A RELOADED GRAPH OPENED Time: 18:54:58 Date: 02/08/20 BestQualAll.txt#
#GENETICAL ALGORITHM STANDART FUNCTION#
(1, 63)
(2, 64)
(3, 64)
(4, 66)
(5, 66)
(6, 66)
(7, 66)
(8, 66)
(9, 67)
(10, 67)
(11, 67)
(12, 67)
(13, 67)
(14, 67)
(15, 67)
(16, 67)
(17, 68)
(18, 71)
(19, 72)
(20, 72)
(21, 72)
(22, 72)
(23, 72)
(24, 72)
(25, 72)
(26, 72)
(27, 72)
(28, 72)
(29, 72)
(30, 72)
(31, 72)
(32, 72)
(33, 72)
(34, 72)
(35, 72)
(36, 72)
(37, 73)
(38, 73)
(39, 73)
(40, 73)
(41, 73)
(42, 73)
(43, 73)
(44, 73)
(45, 73)
(46, 73)
(47, 73)
(48, 73)
(49, 73)
(50, 73)
(51, 73)
(52, 73)
(53, 73)
(54, 73)
(55, 73)
(56, 73)
(57, 73)
(58, 73)
(59, 73)
(60, 73)
(61, 73)
(62, 73)
(63, 73)
(64, 73)
(65, 73)
(66, 73)
(67, 73)
(68, 73)
(69, 73)
(70, 73)
(71, 73)
(72, 73)
(73, 73)
(74, 73)
(75, 73)
(76, 73)
(77, 73)
(78, 73)
(79, 73)
(80, 73)
(81, 73)
(82, 73)
(83, 73)
(84, 73)
(85, 73)
(86, 73)
(87, 73)
(88, 73)
(89, 73)
(90, 73)
(91, 73)
(92, 73)
(93, 73)
(94, 73)
(95, 73)
(96, 73)
(97, 73)
(98, 73)
(99, 73)
(100, 73)
(101, 73)
(102, 73)
(103, 73)
(104, 73)
(105, 73)
(106, 73)
(107, 73)
(108, 73)
(109, 73)
(110, 73)
(111, 73)
(112, 73)
(113, 73)
(114, 73)
(115, 73)
(116, 73)
(117, 73)
(118, 73)
(119, 73)
(120, 73)
(121, 73)
(122, 73)
(123, 73)
(124, 73)
(125, 73)
(126, 73)
(127, 73)
(128, 73)
(129, 73)
(130, 73)
(131, 73)
(132, 73)
(133, 73)
(134, 73)
(135, 73)
(136, 73)
(137, 73)
(138, 73)
(139, 73)
(140, 73)
(141, 73)
(142, 73)
(143, 73)
(144, 73)
(145, 73)
(146, 73)
(147, 73)
(148, 73)
(149, 73)
(150, 73)
(151, 73)
(152, 73)
(153, 73)
(154, 73)
(155, 73)
(156, 73)
(157, 73)
(158, 73)
(159, 73)
(160, 73)
(161, 73)
(162, 73)
(163, 73)
(164, 73)
(165, 73)
(166, 73)
(167, 73)
(168, 73)
(169, 73)
(170, 73)
(171, 73)
(172, 73)
(173, 73)
(174, 73)
(175, 73)
(176, 73)
(177, 73)
(178, 73)
(179, 73)
(180, 73)
(181, 73)
(182, 73)
(183, 73)
(184, 73)
(185, 73)
(186, 73)
(187, 73)
(188, 73)
(189, 73)
(190, 73)
(191, 73)
(192, 73)
(193, 73)
(194, 73)
(195, 73)
(196, 73)
(197, 73)
(198, 73)
(199, 73)
(200, 73)
(201, 73)
(202, 73)
(203, 73)
(204, 73)
(205, 73)
(206, 73)
(207, 73)
(208, 73)
(209, 73)
(210, 73)
(211, 73)
(212, 73)
(213, 73)
(214, 73)
(215, 73)
(216, 73)
(217, 73)
(218, 73)
(219, 73)
(220, 73)
(221, 73)
(222, 73)
(223, 73)
(224, 73)
(225, 73)
(226, 73)
(227, 73)
(228, 73)
(229, 73)
(230, 73)
(231, 73)
(232, 73)
(233, 73)
(234, 73)
(235, 73)
(236, 73)
(237, 73)
(238, 73)
(239, 73)
(240, 73)
(241, 73)
(242, 73)
(243, 73)
(244, 73)
(245, 73)
(246, 73)
(247, 73)
(248, 73)
(249, 73)
(250, 73)
(251, 73)
(252, 73)
(253, 73)
(254, 73)
(255, 73)
(256, 73)
(257, 73)
(258, 73)
(259, 73)
(260, 73)
(261, 73)
(262, 73)
(263, 73)
(264, 73)
(265, 73)
(266, 73)
(267, 73)
(268, 73)
(269, 73)
(270, 73)
(271, 73)
(272, 73)
(273, 73)
(274, 73)
(275, 73)
(276, 73)
(277, 73)
(278, 73)
(279, 73)
(280, 73)
(281, 73)
(282, 73)
(283, 73)
(284, 73)
(285, 73)
(286, 73)
(287, 73)
(288, 73)
(289, 73)
(290, 73)
(291, 73)
(292, 73)
(293, 73)
(294, 73)
(295, 73)
(296, 73)
(297, 73)
(298, 73)
(299, 73)
(300, 73)
(301, 73)
(302, 73)
(303, 73)
(304, 73)
(305, 73)
(306, 73)
(307, 73)
(308, 73)
(309, 73)
(310, 73)
(311, 73)
(312, 73)
(313, 73)
(314, 73)
(315, 73)
(316, 73)
(317, 73)
(318, 73)
(319, 73)
(320, 73)
(321, 73)
(322, 73)
(323, 73)
(324, 73)
(325, 73)
(326, 73)
(327, 73)
(328, 73)
(329, 73)
(330, 73)
(331, 73)
(332, 73)
(333, 73)
(334, 73)
(335, 73)
(336, 73)
(337, 73)
(338, 73)
(339, 73)
(340, 73)
(341, 73)
(342, 73)
(343, 73)
(344, 73)
(345, 73)
(346, 73)
(347, 73)
(348, 73)
(349, 73)
(350, 73)
(351, 73)
(352, 73)
(353, 73)
(354, 73)
(355, 73)
(356, 73)
(357, 73)
(358, 73)
(359, 73)
(360, 73)
(361, 73)
(362, 73)
(363, 73)
(364, 73)
(365, 73)
(366, 73)
(367, 73)
(368, 73)
(369, 73)
(370, 73)
(371, 73)
(372, 73)
(373, 73)
(374, 73)
(375, 73)
(376, 73)
(377, 73)
(378, 73)
(379, 73)
(380, 73)
(381, 73)
(382, 73)
(383, 73)
(384, 73)
(385, 73)
(386, 73)
(387, 73)
(388, 73)
(389, 73)
(390, 73)
(391, 73)
(392, 73)
(393, 73)
(394, 73)
(395, 73)
(396, 73)
(397, 73)
(398, 73)
(399, 73)
(400, 73)
(401, 73)
(402, 73)
(403, 73)
(404, 73)
(405, 73)
(406, 73)
(407, 73)
(408, 73)
(409, 73)
(410, 73)
(411, 73)
(412, 73)
(413, 73)
(414, 73)
(415, 73)
(416, 73)
(417, 73)
(418, 73)
(419, 73)
(420, 73)
(421, 73)
(422, 73)
(423, 73)
(424, 73)
(425, 73)
(426, 73)
(427, 73)
(428, 73)
(429, 73)
(430, 73)
(431, 73)
(432, 73)
(433, 73)
(434, 73)
(435, 73)
(436, 73)
(437, 73)
(438, 73)
(439, 73)
(440, 73)
(441, 73)
(442, 73)
(443, 73)
(444, 73)
(445, 73)
(446, 73)
(447, 73)
(448, 73)
(449, 73)
(450, 73)
(451, 73)
(452, 73)
(453, 73)
(454, 73)
(455, 73)
(456, 73)
(457, 73)
(458, 73)
(459, 73)
(460, 73)
(461, 73)
(462, 73)
(463, 73)
(464, 73)
(465, 73)
(466, 73)
(467, 73)
(468, 73)
(469, 73)
(470, 73)
(471, 73)
(472, 73)
(473, 73)
(474, 73)
(475, 73)
(476, 73)
(477, 73)
(478, 73)
(479, 73)
(480, 73)
(481, 73)
(482, 73)
(483, 73)
(484, 73)
(485, 73)
(486, 73)
(487, 73)
(488, 73)
(489, 73)
(490, 73)
(491, 73)
(492, 73)
(493, 73)
(494, 73)
(495, 73)
(496, 73)
(497, 73)
(498, 73)
(499, 73)
(500, 73)
(501, 73)
(502, 73)
(503, 73)
(504, 73)
(505, 73)
(506, 73)
(507, 73)
(508, 73)
(509, 73)
(510, 73)
(511, 73)
(512, 73)
(513, 73)
(514, 73)
(515, 73)
(516, 73)
(517, 73)
(518, 73)
(519, 73)
(520, 73)
(521, 73)
(522, 73)
(523, 73)
(524, 73)
(525, 73)
(526, 73)
(527, 73)
(528, 73)
(529, 73)
(530, 73)
(531, 73)
(532, 73)
(533, 73)
(534, 73)
(535, 73)
(536, 73)
(537, 73)
(538, 73)
(539, 73)
(540, 73)
(541, 73)
(542, 73)
(543, 73)
(544, 73)
(545, 73)
(546, 73)
(547, 73)
(548, 73)
(549, 73)
(550, 73)
(551, 73)
(552, 73)
(553, 73)
(554, 73)
(555, 73)
(556, 73)
(557, 73)
(558, 73)
(559, 73)
(560, 73)
(561, 73)
(562, 73)
(563, 73)
(564, 73)
(565, 73)
(566, 73)
(567, 73)
(568, 73)
(569, 73)
(570, 73)
(571, 73)
(572, 73)
(573, 73)
(574, 73)
(575, 73)
(576, 73)
(577, 73)
(578, 73)
(579, 73)
(580, 73)
(581, 73)
(582, 73)
(583, 73)
(584, 73)
(585, 73)
(586, 73)
(587, 73)
(588, 73)
(589, 73)
(590, 73)
(591, 73)
(592, 73)
(593, 73)
(594, 73)
(595, 73)
(596, 73)
(597, 73)
(598, 73)
(599, 73)
(600, 73)
(601, 73)
(602, 73)
(603, 73)
(604, 73)
(605, 73)
(606, 73)
(607, 73)
(608, 73)
(609, 73)
(610, 73)
(611, 73)
(612, 73)
(613, 73)
(614, 73)
(615, 73)
(616, 73)
(617, 73)
(618, 73)
(619, 73)
(620, 73)
(621, 73)
(622, 73)
(623, 73)
(624, 73)
(625, 73)
(626, 73)
(627, 73)
(628, 73)
(629, 73)
(630, 73)
(631, 73)
(632, 73)
(633, 73)
(634, 73)
(635, 73)
(636, 73)
(637, 73)
(638, 73)
(639, 73)
(640, 73)
(641, 73)
(642, 73)
(643, 73)
(644, 73)
(645, 73)
(646, 73)
(647, 73)
(648, 73)
(649, 73)
(650, 73)
(651, 73)
(652, 73)
(653, 73)
(654, 73)
(655, 73)
(656, 73)
(657, 73)
(658, 73)
(659, 73)
(660, 73)
(661, 73)
(662, 73)
(663, 73)
(664, 73)
(665, 73)
(666, 73)
(667, 73)
(668, 73)
(669, 73)
(670, 73)
(671, 73)
(672, 73)
(673, 73)
(674, 73)
(675, 73)
(676, 73)
(677, 73)
(678, 73)
(679, 73)
(680, 73)
(681, 73)
(682, 73)
(683, 73)
(684, 73)
(685, 73)
(686, 73)
(687, 73)
(688, 73)
(689, 73)
(690, 73)
(691, 73)
(692, 73)
(693, 73)
(694, 73)
(695, 73)
(696, 73)
(697, 73)
(698, 73)
(699, 73)
(700, 73)
(701, 73)
(702, 73)
(703, 73)
(704, 73)
(705, 73)
(706, 73)
(707, 73)
(708, 73)
(709, 73)
(710, 73)
(711, 73)
(712, 73)
(713, 73)
(714, 73)
(715, 73)
(716, 73)
(717, 73)
(718, 73)
(719, 73)
(720, 73)
(721, 73)
(722, 73)
(723, 73)
(724, 73)
(725, 73)
(726, 73)
(727, 73)
(728, 73)
(729, 73)
(730, 73)
(731, 73)
(732, 73)
(733, 73)
(734, 73)
(735, 73)
(736, 73)
(737, 73)
(738, 73)
(739, 73)
(740, 73)
(741, 73)
(742, 73)
(743, 73)
(744, 73)
(745, 73)
(746, 73)
(747, 73)
(748, 73)
(749, 73)
(750, 73)
(751, 73)
(752, 73)
(753, 73)
(754, 73)
(755, 73)
(756, 73)
(757, 73)
(758, 73)
(759, 73)
(760, 73)
(761, 73)
(762, 73)
(763, 73)
(764, 73)
(765, 73)
(766, 73)
(767, 73)
(768, 73)
(769, 73)
(770, 73)
(771, 73)
(772, 73)
(773, 73)
(774, 73)
(775, 73)
(776, 73)
(777, 73)
(778, 73)
(779, 73)
(780, 73)
(781, 73)
(782, 73)
(783, 73)
(784, 73)
#GA RELOADED 2.0.1A RELOADED GRAPH OPENED Time: 19:32:56 Date: 02/08/20 BestQualAll.txt#
#GENETICAL ALGORITHM STANDART FUNCTION#
(1, 15)
(2, 16)
(3, 17)
(4, 18)
(5, 19)
(6, 19)
(7, 19)
(8, 19)
(9, 19)
(10, 19)
(11, 19)
(12, 20)
(13, 20)
(14, 20)
(15, 20)
(16, 20)
(17, 20)
(18, 20)
(19, 20)
(20, 20)
(21, 20)
(22, 20)
(23, 20)
(24, 20)
(25, 20)
(26, 20)
(27, 20)
(28, 20)
(29, 20)
(30, 20)
(31, 20)
(32, 20)
(33, 20)
(34, 20)
(35, 20)
(36, 20)
(37, 20)
(38, 20)
(39, 20)
(40, 20)
(41, 20)
(42, 20)
(43, 20)
(44, 20)
(45, 20)
(46, 20)
(47, 20)
(48, 20)
(49, 20)
(50, 20)
(51, 20)
(52, 20)
(53, 20)
(54, 20)
(55, 20)
(56, 20)
(57, 20)
(58, 20)
(59, 20)
(60, 20)
(61, 20)
(62, 20)
(63, 20)
(64, 20)
(65, 20)
(66, 20)
(67, 20)
(68, 20)
(69, 20)
(70, 20)
(71, 20)
(72, 20)
(73, 20)
(74, 20)
(75, 20)
(76, 20)
(77, 20)
(78, 20)
(79, 20)
(80, 20)
(81, 20)
(82, 20)
(83, 20)
(84, 20)
(85, 20)
(86, 20)
(87, 20)
(88, 20)
(89, 20)
(90, 20)
(91, 20)
(92, 20)
(93, 20)
(94, 20)
(95, 20)
(96, 20)
(97, 20)
(98, 20)
(99, 20)
(100, 20)