
#GA RELOADED 2.0.1A RELOADED GRAPH OPENED Time: 17:53:54 Date: 02/08/20 BestPerTick.txt#
#GENETICAL ALGORITHM STANDART FUNCTION#
(1, 63)
(2, 69)
(3, 67)
(4, 68)
(5, 69)
(6, 72)
(7, 73)
(8, 72)
(9, 74)
(10, 79)
(11, 79)
(12, 77)
(13, 78)
(14, 83)
(15, 83)
(16, 83)
(17, 84)
(18, 86)
(19, 86)
(20, 85)
(21, 83)
(22, 84)
(23, 83)
(24, 87)
(25, 84)
(26, 85)
(27, 85)
(28, 87)
(29, 88)
(30, 87)
(31, 88)
(32, 87)
(33, 86)
(34, 85)
(35, 86)
(36, 86)
(37, 86)
(38, 84)
(39, 86)
(40, 85)
(41, 85)
(42, 85)
(43, 86)
(44, 89)
(45, 88)
(46, 89)
(47, 89)
(48, 87)
(49, 89)
(50, 88)
(51, 90)
(52, 89)
(53, 88)
(54, 88)
(55, 88)
(56, 87)
(57, 89)
(58, 88)
(59, 87)
(60, 87)
(61, 88)
(62, 88)
(63, 87)
(64, 87)
(65, 88)
(66, 89)
(67, 87)
(68, 88)
(69, 88)
(70, 89)
(71, 87)
(72, 87)
(73, 89)
(74, 89)
(75, 88)
(76, 88)
(77, 87)
(78, 88)
(79, 87)
(80, 92)
(81, 89)
(82, 90)
(83, 90)
(84, 88)
(85, 87)
(86, 88)
(87, 90)
(88, 88)
(89, 86)
(90, 88)
(91, 86)
(92, 88)
(93, 88)
(94, 87)
(95, 86)
(96, 88)
(97, 88)
(98, 88)
(99, 87)
(100, 87)
(101, 87)
(102, 84)
(103, 86)
(104, 85)
(105, 85)
(106, 87)
(107, 86)
(108, 89)
(109, 90)
(110, 88)
(111, 88)
(112, 88)
(113, 90)
(114, 88)
(115, 90)
(116, 89)
(117, 88)
(118, 90)
(119, 88)
(120, 89)
(121, 87)
(122, 89)
(123, 87)
(124, 87)
(125, 85)
(126, 87)
(127, 86)
(128, 87)
(129, 86)
(130, 87)
(131, 87)
(132, 87)
(133, 88)
(134, 86)
(135, 87)
(136, 86)
(137, 87)
(138, 87)
(139, 87)
(140, 86)
(141, 86)
(142, 87)
(143, 87)
(144, 87)
(145, 88)
(146, 87)
(147, 86)
(148, 88)
(149, 86)
(150, 88)
(151, 87)
(152, 86)
(153, 86)
(154, 87)
(155, 87)
(156, 87)
(157, 86)
(158, 87)
(159, 86)
(160, 84)
(161, 87)
(162, 87)
(163, 88)
(164, 89)
(165, 90)
(166, 88)
(167, 90)
(168, 91)
(169, 88)
(170, 89)
(171, 89)
(172, 89)
(173, 90)
(174, 91)
(175, 89)
(176, 88)
(177, 89)
(178, 89)
(179, 89)
(180, 91)
(181, 90)
(182, 88)
(183, 87)
(184, 89)
(185, 91)
(186, 92)
(187, 90)
(188, 91)
(189, 88)
(190, 88)
(191, 88)
(192, 88)
(193, 87)
(194, 87)
(195, 89)
(196, 88)
(197, 86)
(198, 89)
(199, 86)
(200, 86)
(201, 86)
(202, 85)
(203, 87)
(204, 86)
(205, 87)
(206, 86)
(207, 87)
(208, 87)
(209, 86)
(210, 89)
(211, 88)
(212, 89)
(213, 91)
(214, 91)
(215, 88)
(216, 89)
(217, 89)
(218, 89)
(219, 91)
(220, 89)
(221, 89)
(222, 89)
(223, 90)
(224, 90)
(225, 89)
(226, 89)
(227, 87)
(228, 87)
(229, 88)
(230, 87)
(231, 88)
(232, 87)
(233, 88)
(234, 88)
(235, 87)
(236, 87)
(237, 93)
(238, 90)
(239, 89)
(240, 88)
(241, 89)
(242, 88)
(243, 88)
(244, 89)
(245, 89)
(246, 89)
(247, 89)
(248, 89)
(249, 90)
(250, 87)
(251, 90)
(252, 90)
(253, 90)
(254, 88)
(255, 88)
(256, 89)
(257, 88)
(258, 88)
(259, 87)
(260, 87)
(261, 87)
(262, 88)
(263, 88)
(264, 87)
(265, 88)
(266, 90)
(267, 88)
(268, 89)
(269, 90)
(270, 89)
(271, 87)
(272, 87)
(273, 87)
(274, 89)
(275, 88)
(276, 87)
(277, 88)
(278, 87)
(279, 86)
(280, 88)
(281, 88)
(282, 88)
(283, 86)
(284, 88)
(285, 90)
(286, 88)
(287, 87)
(288, 88)
(289, 87)
(290, 88)
(291, 89)
(292, 87)
(293, 86)
(294, 87)
(295, 88)
(296, 89)
(297, 86)
(298, 88)
(299, 88)
(300, 90)
(301, 89)
(302, 89)
(303, 88)
(304, 88)
(305, 88)
(306, 87)
(307, 88)
(308, 87)
(309, 87)
(310, 87)
(311, 91)
(312, 93)
(313, 90)
(314, 88)
(315, 88)
(316, 88)
(317, 88)
(318, 88)
(319, 89)
(320, 89)
(321, 88)
(322, 89)
(323, 86)
(324, 87)
(325, 87)
(326, 89)
(327, 89)
(328, 89)
(329, 90)
(330, 92)
(331, 89)
(332, 88)
(333, 86)
(334, 86)
(335, 87)
(336, 86)
(337, 87)
(338, 86)
(339, 88)
(340, 87)
(341, 88)
(342, 86)
(343, 90)
(344, 88)
(345, 88)
(346, 88)
(347, 89)
(348, 88)
(349, 88)
(350, 88)
(351, 86)
(352, 87)
(353, 88)
(354, 88)
(355, 88)
(356, 92)
(357, 88)
(358, 89)
(359, 86)
(360, 86)
(361, 88)
(362, 87)
(363, 88)
(364, 86)
(365, 86)
(366, 87)
(367, 88)
(368, 86)
(369, 88)
(370, 89)
(371, 89)
(372, 87)
(373, 87)
(374, 87)
(375, 88)
(376, 88)
(377, 89)
(378, 88)
(379, 87)
(380, 88)
(381, 87)
(382, 89)
(383, 87)
(384, 91)
(385, 89)
(386, 89)
(387, 90)
(388, 89)
(389, 88)
(390, 88)
(391, 87)
(392, 87)
(393, 88)
(394, 89)
(395, 89)
(396, 88)
(397, 89)
(398, 89)
(399, 90)
(400, 87)
(401, 88)
(402, 89)
(403, 88)
(404, 86)
(405, 88)
(406, 90)
(407, 88)
(408, 89)
(409, 89)
(410, 88)
(411, 89)
(412, 87)
(413, 90)
(414, 89)
(415, 89)
(416, 89)
(417, 87)
(418, 86)
(419, 85)
(420, 88)
(421, 88)
(422, 87)
(423, 86)
(424, 89)
(425, 86)
(426, 90)
(427, 86)
(428, 90)
(429, 90)
(430, 90)
(431, 87)
(432, 87)
(433, 88)
(434, 87)
(435, 87)
(436, 87)
(437, 87)
(438, 87)
(439, 86)
(440, 89)
(441, 87)
(442, 88)
(443, 87)
(444, 89)
(445, 89)
(446, 86)
(447, 87)
(448, 88)
(449, 89)
(450, 88)
(451, 88)
(452, 90)
(453, 90)
(454, 90)
(455, 89)
(456, 89)
(457, 88)
(458, 89)
(459, 87)
(460, 89)
(461, 87)
(462, 88)
(463, 88)
(464, 89)
(465, 89)
(466, 89)
(467, 90)
(468, 88)
(469, 86)
(470, 87)
(471, 87)
(472, 87)
(473, 89)
(474, 87)
(475, 86)
(476, 87)
(477, 88)
(478, 87)
(479, 89)
(480, 87)
(481, 87)
(482, 87)
(483, 89)
(484, 88)
(485, 87)
(486, 87)
(487, 88)
(488, 89)
(489, 89)
(490, 87)
(491, 86)
(492, 85)
(493, 87)
(494, 89)
(495, 86)
(496, 88)
(497, 87)
(498, 88)
(499, 89)
(500, 87)
(501, 88)
(502, 90)
(503, 89)
(504, 87)
(505, 86)
(506, 87)
(507, 88)
(508, 87)
(509, 88)
(510, 86)
(511, 87)
(512, 87)
(513, 89)
(514, 85)
(515, 89)
(516, 88)
(517, 89)
(518, 87)
(519, 87)
(520, 88)
(521, 88)
(522, 89)
(523, 88)
(524, 89)
(525, 89)
(526, 90)
(527, 88)
(528, 88)
(529, 89)
(530, 89)
(531, 91)
(532, 89)
(533, 90)
(534, 90)
(535, 90)
(536, 89)
(537, 88)
(538, 89)
(539, 87)
(540, 88)
(541, 87)
(542, 87)
(543, 87)
(544, 87)
(545, 87)
(546, 87)
(547, 88)
(548, 86)
(549, 87)
(550, 89)
(551, 89)
(552, 88)
(553, 90)
(554, 88)
(555, 88)
(556, 89)
(557, 87)
(558, 88)
(559, 88)
(560, 89)
(561, 89)
(562, 89)
(563, 90)
(564, 87)
(565, 90)
(566, 89)
(567, 89)
(568, 87)
(569, 88)
(570, 92)
(571, 91)
(572, 90)
(573, 88)
(574, 88)
(575, 88)
(576, 87)
(577, 88)
(578, 88)
(579, 87)
(580, 89)
(581, 87)
(582, 87)
(583, 87)
(584, 87)
(585, 87)
(586, 86)
(587, 87)
(588, 88)
(589, 86)
(590, 86)
(591, 86)
(592, 87)
(593, 86)
(594, 87)
(595, 86)
(596, 86)
(597, 86)
(598, 86)
(599, 88)
(600, 86)
(601, 85)
(602, 86)
(603, 87)
(604, 88)
(605, 89)
(606, 89)
(607, 89)
(608, 88)
(609, 89)
(610, 89)
(611, 89)
(612, 88)
(613, 88)
(614, 91)
(615, 92)
(616, 90)
(617, 90)
(618, 90)
(619, 88)
(620, 89)
(621, 89)
(622, 88)
(623, 89)
(624, 90)
(625, 89)
(626, 89)
(627, 89)
(628, 88)
(629, 90)
(630, 89)
(631, 88)
(632, 87)
(633, 87)
(634, 88)
(635, 88)
(636, 87)
(637, 88)
(638, 89)
(639, 90)
(640, 89)
(641, 90)
(642, 87)
(643, 87)
(644, 91)
(645, 89)
(646, 88)
(647, 90)
(648, 89)
(649, 87)
(650, 88)
(651, 87)
(652, 87)
(653, 88)
(654, 90)
(655, 88)
(656, 89)
(657, 90)
(658, 91)
(659, 89)
(660, 86)
(661, 87)
(662, 86)
(663, 88)
(664, 87)
(665, 87)
(666, 86)
(667, 86)
(668, 86)
(669, 87)
(670, 87)
(671, 89)
(672, 88)
(673, 86)
(674, 87)
(675, 87)
(676, 86)
(677, 88)
(678, 87)
(679, 86)
(680, 85)
(681, 88)
(682, 88)
(683, 85)
(684, 88)
(685, 87)
(686, 86)
(687, 86)
(688, 87)
(689, 87)
(690, 88)
(691, 87)
(692, 86)
(693, 86)
(694, 87)
(695, 88)
(696, 86)
(697, 87)
(698, 86)
(699, 87)
(700, 88)
(701, 86)
(702, 87)
(703, 86)
(704, 86)
(705, 86)
(706, 87)
(707, 86)
(708, 87)
(709, 88)
(710, 89)
(711, 89)
(712, 88)
(713, 87)
(714, 88)
(715, 89)
(716, 87)
(717, 89)
(718, 88)
(719, 89)
(720, 88)
(721, 89)
(722, 90)
(723, 90)
(724, 89)
(725, 88)
(726, 88)
(727, 89)
(728, 89)
(729, 86)
(730, 88)
(731, 86)
(732, 87)
(733, 89)
(734, 88)
(735, 86)
(736, 87)
(737, 87)
(738, 87)
(739, 88)
(740, 88)
(741, 87)
(742, 86)
(743, 86)
(744, 88)
(745, 87)
(746, 87)
(747, 86)
(748, 89)
(749, 90)
(750, 88)
(751, 89)
(752, 87)
(753, 88)
(754, 89)
(755, 91)
(756, 91)
(757, 88)
(758, 87)
(759, 87)
(760, 89)
(761, 87)
(762, 87)
(763, 88)
(764, 90)
(765, 87)
(766, 89)
(767, 88)
(768, 87)
(769, 86)
(770, 87)
(771, 91)
(772, 87)
(773, 87)
(774, 87)
(775, 88)
(776, 86)
(777, 89)
(778, 87)
(779, 87)
(780, 86)
(781, 85)
(782, 88)
(783, 85)
(784, 86)
(785, 85)
(786, 85)
(787, 86)
(788, 87)
(789, 87)
(790, 86)
(791, 87)
(792, 86)
(793, 86)
(794, 86)
(795, 88)
(796, 87)
(797, 88)
(798, 86)
(799, 86)
(800, 87)
(801, 89)
(802, 85)
(803, 89)
(804, 90)
(805, 88)
(806, 88)
(807, 88)
(808, 90)
(809, 90)
(810, 90)
(811, 89)
(812, 88)
(813, 91)
(814, 90)
(815, 89)
(816, 88)
(817, 88)
(818, 91)
(819, 90)
(820, 89)
(821, 91)
(822, 91)
(823, 90)
(824, 91)
(825, 94)
(826, 89)
(827, 89)
(828, 91)
(829, 91)
(830, 90)
(831, 88)
(832, 87)
(833, 90)
(834, 90)
(835, 91)
(836, 90)
(837, 89)
(838, 91)
(839, 88)
(840, 90)
(841, 89)
(842, 89)
(843, 90)
(844, 89)
(845, 88)
(846, 89)
(847, 89)
(848, 89)
(849, 88)
(850, 88)
(851, 88)
(852, 88)
(853, 87)
(854, 86)
(855, 88)
(856, 86)
(857, 87)
(858, 86)
(859, 89)
(860, 86)
(861, 88)
(862, 87)
(863, 88)
(864, 87)
(865, 87)
(866, 87)
(867, 88)
(868, 86)
(869, 87)
(870, 88)
(871, 87)
(872, 87)
(873, 88)
(874, 90)
(875, 90)
(876, 88)
(877, 86)
(878, 88)
(879, 88)
(880, 88)
(881, 87)
(882, 89)
(883, 87)
(884, 90)
(885, 88)
(886, 87)
(887, 88)
(888, 86)
(889, 86)
(890, 88)
(891, 87)
(892, 87)
(893, 88)
(894, 87)
(895, 89)
(896, 87)
(897, 87)
(898, 86)
(899, 85)
(900, 89)
(901, 87)
(902, 87)
(903, 86)
(904, 86)
(905, 85)
(906, 88)
(907, 88)
(908, 87)
(909, 86)
(910, 89)
(911, 86)
(912, 87)
(913, 85)
(914, 87)
(915, 87)
(916, 87)
(917, 87)
(918, 89)
(919, 89)
(920, 89)
(921, 87)
(922, 86)
(923, 86)
(924, 86)
(925, 88)
(926, 88)
(927, 87)
(928, 87)
(929, 86)
(930, 86)
(931, 89)
(932, 86)
(933, 89)
(934, 89)
(935, 90)
(936, 89)
(937, 86)
(938, 87)
(939, 85)
(940, 86)
(941, 87)
(942, 87)
(943, 86)
(944, 86)
(945, 86)
(946, 87)
(947, 88)
(948, 88)
(949, 86)
(950, 86)
(951, 88)
(952, 88)
(953, 87)
(954, 86)
(955, 88)
(956, 87)
(957, 88)
(958, 85)
(959, 87)
(960, 86)
(961, 87)
(962, 86)
(963, 89)
(964, 87)
(965, 87)
(966, 88)
(967, 86)
(968, 87)
(969, 87)
(970, 86)
(971, 86)
(972, 88)
(973, 87)
(974, 86)
(975, 87)
(976, 89)
(977, 90)
(978, 86)
(979, 86)
(980, 85)
(981, 87)
(982, 88)
(983, 86)
(984, 87)
(985, 86)
(986, 88)
(987, 87)
(988, 87)
(989, 87)
(990, 88)
(991, 88)
(992, 89)
(993, 89)
(994, 86)
(995, 89)
(996, 88)
(997, 91)
(998, 89)
(999, 87)
(1000, 87)
(1001, 89)
(1002, 87)
(1003, 87)
(1004, 89)
(1005, 86)
(1006, 86)
(1007, 86)
(1008, 89)
(1009, 91)
(1010, 91)
(1011, 88)
(1012, 87)
(1013, 89)
(1014, 88)
(1015, 87)
(1016, 88)
(1017, 88)
(1018, 90)
(1019, 89)
(1020, 89)
(1021, 88)
(1022, 90)
(1023, 91)
(1024, 89)
(1025, 88)
(1026, 88)
(1027, 88)
(1028, 88)
(1029, 90)
(1030, 87)
(1031, 89)
(1032, 89)
(1033, 88)
(1034, 88)
(1035, 90)
(1036, 88)
(1037, 89)
(1038, 87)
(1039, 87)
(1040, 88)
(1041, 89)
(1042, 86)
(1043, 87)
(1044, 88)
(1045, 88)
(1046, 87)
(1047, 89)
(1048, 89)
(1049, 90)
(1050, 90)
(1051, 89)
(1052, 88)
(1053, 89)
(1054, 89)
(1055, 88)
(1056, 89)
(1057, 90)
(1058, 87)
(1059, 89)
(1060, 89)
(1061, 87)
(1062, 88)
(1063, 89)
(1064, 88)
(1065, 88)
(1066, 87)
(1067, 88)
(1068, 86)
(1069, 87)
(1070, 86)
(1071, 88)
(1072, 86)
(1073, 86)
(1074, 86)
(1075, 86)
(1076, 88)
(1077, 87)
(1078, 87)
(1079, 86)
(1080, 87)
(1081, 87)
(1082, 86)
(1083, 86)
(1084, 86)
(1085, 86)
(1086, 87)
(1087, 86)
(1088, 87)
(1089, 87)
(1090, 88)
(1091, 88)
(1092, 88)
(1093, 88)
(1094, 91)
(1095, 90)
(1096, 89)
(1097, 89)
(1098, 88)
(1099, 90)
(1100, 88)
(1101, 90)
(1102, 88)
(1103, 90)
(1104, 87)
(1105, 91)
(1106, 88)
(1107, 87)
(1108, 88)
(1109, 88)
(1110, 88)
(1111, 87)
(1112, 88)
(1113, 88)
(1114, 87)
(1115, 87)
(1116, 86)
(1117, 86)
(1118, 87)
(1119, 88)
(1120, 88)
(1121, 88)
(1122, 88)
(1123, 89)
(1124, 87)
(1125, 87)
(1126, 86)
(1127, 88)
(1128, 87)
(1129, 89)
(1130, 87)
(1131, 87)
(1132, 87)
(1133, 86)
(1134, 87)
(1135, 86)
(1136, 88)
(1137, 88)
(1138, 87)
(1139, 86)
(1140, 86)
(1141, 86)
(1142, 87)
(1143, 85)
(1144, 86)
(1145, 88)
(1146, 87)
(1147, 87)
(1148, 87)
(1149, 87)
(1150, 87)
(1151, 88)
(1152, 88)
(1153, 89)
(1154, 88)
(1155, 88)
(1156, 87)
(1157, 89)
(1158, 87)
(1159, 86)
(1160, 87)
(1161, 89)
(1162, 88)
(1163, 89)
(1164, 89)
(1165, 87)
(1166, 88)
(1167, 88)
(1168, 88)
(1169, 89)
(1170, 89)
(1171, 90)
(1172, 88)
(1173, 89)
(1174, 89)
(1175, 90)
(1176, 88)
(1177, 88)
(1178, 89)
(1179, 88)
(1180, 88)
(1181, 88)
(1182, 88)
(1183, 89)
(1184, 88)
(1185, 86)
(1186, 87)
(1187, 88)
(1188, 89)
(1189, 89)
(1190, 88)
(1191, 86)
(1192, 87)
(1193, 87)
(1194, 85)
(1195, 83)
(1196, 85)
(1197, 86)
(1198, 84)
(1199, 85)
(1200, 88)
(1201, 85)
(1202, 84)
(1203, 86)
(1204, 86)
(1205, 82)
(1206, 85)
(1207, 85)
(1208, 87)
(1209, 83)
(1210, 84)
(1211, 85)
(1212, 86)
(1213, 84)
(1214, 83)
(1215, 84)
(1216, 85)
(1217, 86)
(1218, 85)
(1219, 86)
(1220, 86)
(1221, 87)
(1222, 86)
(1223, 88)
(1224, 86)
(1225, 87)
(1226, 90)
(1227, 87)
(1228, 87)
(1229, 89)
(1230, 87)
(1231, 90)
(1232, 90)
(1233, 88)
(1234, 89)
(1235, 88)
(1236, 88)
(1237, 90)
(1238, 89)
(1239, 88)
(1240, 88)
(1241, 88)
(1242, 89)
(1243, 88)
(1244, 88)
(1245, 89)
(1246, 88)
(1247, 89)
(1248, 89)
(1249, 88)
(1250, 87)
(1251, 88)
(1252, 89)
(1253, 89)
(1254, 88)
(1255, 87)
(1256, 86)
(1257, 87)
(1258, 87)
(1259, 88)
(1260, 87)
(1261, 90)
(1262, 90)
(1263, 91)
(1264, 90)
(1265, 90)
(1266, 89)
(1267, 88)
(1268, 92)
(1269, 88)
(1270, 88)
(1271, 88)
(1272, 89)
(1273, 90)
(1274, 87)
(1275, 88)
(1276, 88)
(1277, 87)
(1278, 86)
(1279, 89)
(1280, 88)
(1281, 88)
(1282, 87)
(1283, 87)
(1284, 88)
(1285, 88)
(1286, 88)
(1287, 87)
(1288, 91)
(1289, 95)
(1290, 89)
(1291, 89)
(1292, 89)
(1293, 91)
(1294, 91)
(1295, 88)
(1296, 91)
(1297, 88)
(1298, 87)
(1299, 88)
(1300, 87)
(1301, 89)
(1302, 89)
(1303, 89)
(1304, 90)
(1305, 88)
(1306, 92)
(1307, 89)
(1308, 88)
(1309, 88)
(1310, 91)
(1311, 88)
(1312, 86)
(1313, 89)
(1314, 88)
(1315, 87)
(1316, 89)
(1317, 88)
(1318, 87)
(1319, 88)
(1320, 89)
(1321, 86)
(1322, 89)
(1323, 90)
(1324, 88)
(1325, 87)
(1326, 87)
(1327, 86)
(1328, 86)
(1329, 87)
(1330, 89)
(1331, 86)
(1332, 88)
(1333, 91)
(1334, 89)
(1335, 89)
(1336, 87)
(1337, 88)
(1338, 87)
(1339, 88)
(1340, 87)
(1341, 87)
(1342, 87)
(1343, 90)
(1344, 90)
(1345, 89)
(1346, 88)
(1347, 86)
(1348, 88)
(1349, 86)
(1350, 86)
(1351, 86)
(1352, 87)
(1353, 88)
(1354, 87)
(1355, 88)
(1356, 86)
(1357, 86)
(1358, 87)
(1359, 88)
(1360, 87)
(1361, 90)
(1362, 88)
(1363, 89)
(1364, 90)
(1365, 91)
(1366, 91)
(1367, 89)
(1368, 88)
(1369, 90)
(1370, 90)
(1371, 89)
(1372, 88)
(1373, 89)
(1374, 88)
(1375, 88)
(1376, 88)
(1377, 88)
(1378, 87)
(1379, 89)
(1380, 87)
(1381, 86)
(1382, 87)
(1383, 87)
(1384, 88)
(1385, 86)
(1386, 87)
(1387, 88)
(1388, 90)
(1389, 89)
(1390, 88)
(1391, 90)
(1392, 88)
(1393, 88)
(1394, 88)
(1395, 87)
(1396, 88)
(1397, 87)
(1398, 89)
(1399, 89)
(1400, 89)
(1401, 88)
(1402, 87)
(1403, 87)
(1404, 87)
(1405, 88)
(1406, 89)
(1407, 88)
(1408, 87)
(1409, 87)
(1410, 88)
(1411, 87)
(1412, 87)
(1413, 85)
(1414, 88)
(1415, 87)
(1416, 86)
(1417, 86)
(1418, 87)
(1419, 89)
(1420, 86)
(1421, 89)
(1422, 88)
(1423, 87)
(1424, 86)
(1425, 88)
(1426, 90)
(1427, 89)
(1428, 89)
(1429, 87)
(1430, 87)
(1431, 86)
(1432, 86)
(1433, 86)
(1434, 88)
(1435, 85)
(1436, 86)
(1437, 85)
(1438, 87)
(1439, 89)
(1440, 89)
(1441, 87)
(1442, 87)
(1443, 85)
(1444, 86)
(1445, 85)
(1446, 85)
(1447, 88)
(1448, 87)
(1449, 89)
(1450, 89)
(1451, 89)
(1452, 89)
(1453, 87)
(1454, 89)
(1455, 89)
(1456, 89)
(1457, 90)
(1458, 88)
(1459, 87)
(1460, 86)
(1461, 87)
(1462, 88)
(1463, 86)
(1464, 87)
(1465, 88)
(1466, 88)
(1467, 89)
(1468, 88)
(1469, 88)
(1470, 86)
(1471, 87)
(1472, 86)
(1473, 90)
(1474, 87)
(1475, 90)
(1476, 87)
(1477, 88)
(1478, 87)
(1479, 86)
(1480, 89)
(1481, 88)
(1482, 87)
(1483, 88)
(1484, 89)
(1485, 87)
(1486, 88)
(1487, 86)
(1488, 90)
(1489, 90)
(1490, 87)
(1491, 86)
(1492, 87)
(1493, 87)
(1494, 89)
(1495, 89)
(1496, 87)
(1497, 88)
(1498, 91)
(1499, 90)
(1500, 89)
(1501, 87)
(1502, 88)
(1503, 87)
(1504, 86)
(1505, 86)
(1506, 88)
(1507, 87)
(1508, 87)
(1509, 86)
(1510, 87)
(1511, 86)
(1512, 87)
(1513, 85)
(1514, 87)
(1515, 86)
(1516, 88)
(1517, 88)
(1518, 86)
(1519, 88)
(1520, 86)
(1521, 89)
(1522, 87)
(1523, 87)
(1524, 87)
(1525, 87)
(1526, 88)
(1527, 88)
(1528, 88)
(1529, 87)
(1530, 87)
(1531, 87)
(1532, 87)
(1533, 87)
(1534, 86)
(1535, 88)
(1536, 88)
(1537, 88)
(1538, 87)
(1539, 90)
(1540, 88)
(1541, 86)
(1542, 87)
(1543, 86)
(1544, 86)
(1545, 86)
(1546, 86)
(1547, 87)
(1548, 90)
(1549, 88)
(1550, 88)
(1551, 89)
(1552, 89)
(1553, 89)
(1554, 88)
(1555, 88)
(1556, 87)
(1557, 87)
(1558, 88)
(1559, 88)
(1560, 88)
(1561, 87)
(1562, 87)
(1563, 87)
(1564, 87)
(1565, 87)
(1566, 91)
(1567, 88)
(1568, 87)
(1569, 87)
(1570, 89)
(1571, 88)
(1572, 87)
(1573, 87)
(1574, 90)
(1575, 91)
(1576, 91)
(1577, 92)
(1578, 91)
(1579, 87)
(1580, 87)
(1581, 87)
(1582, 88)
(1583, 89)
(1584, 88)
(1585, 87)
(1586, 86)
(1587, 87)
(1588, 86)
(1589, 89)
(1590, 86)
(1591, 87)
(1592, 87)
(1593, 87)
(1594, 88)
(1595, 88)
(1596, 87)
(1597, 88)
(1598, 88)
(1599, 88)
(1600, 89)
(1601, 86)
(1602, 89)
(1603, 87)
(1604, 86)
(1605, 88)
(1606, 90)
(1607, 90)
(1608, 88)
(1609, 88)
(1610, 89)
(1611, 89)
(1612, 88)
(1613, 91)
(1614, 90)
(1615, 91)
(1616, 89)
(1617, 88)
(1618, 90)
(1619, 86)
(1620, 87)
(1621, 88)
(1622, 89)
(1623, 88)
(1624, 88)
(1625, 91)
(1626, 87)
(1627, 89)
(1628, 87)
(1629, 89)
(1630, 89)
(1631, 88)
(1632, 89)
(1633, 91)
(1634, 89)
(1635, 88)
(1636, 89)
(1637, 88)
(1638, 89)
(1639, 88)
(1640, 89)
(1641, 88)
(1642, 89)
(1643, 90)
(1644, 91)
(1645, 88)
(1646, 90)
(1647, 93)
(1648, 90)
(1649, 89)
(1650, 89)
(1651, 89)
(1652, 94)
(1653, 90)
(1654, 89)
(1655, 90)
(1656, 89)
(1657, 88)
(1658, 91)
(1659, 89)
(1660, 89)
(1661, 89)
(1662, 89)
(1663, 89)
(1664, 90)
(1665, 89)
(1666, 89)
(1667, 90)
(1668, 89)
(1669, 89)
(1670, 89)
(1671, 89)
(1672, 90)
(1673, 88)
(1674, 87)
(1675, 88)
(1676, 88)
(1677, 88)
(1678, 87)
(1679, 87)
(1680, 87)
(1681, 87)
(1682, 87)
(1683, 88)
(1684, 90)
(1685, 88)
(1686, 89)
(1687, 89)
(1688, 93)
(1689, 90)
(1690, 90)
(1691, 92)
(1692, 88)
(1693, 88)
(1694, 87)
(1695, 87)
(1696, 88)
(1697, 90)
(1698, 90)
(1699, 88)
(1700, 89)
(1701, 89)
(1702, 87)
(1703, 88)
(1704, 88)
(1705, 88)
(1706, 88)
(1707, 87)
(1708, 88)
(1709, 90)
(1710, 89)
(1711, 89)
(1712, 88)
(1713, 89)
(1714, 89)
(1715, 89)
(1716, 91)
(1717, 90)
(1718, 92)
(1719, 88)
(1720, 91)
(1721, 87)
(1722, 88)
(1723, 88)
(1724, 88)
(1725, 88)
(1726, 88)
(1727, 87)
(1728, 88)
(1729, 91)
(1730, 87)
(1731, 89)
(1732, 90)
(1733, 92)
(1734, 89)
(1735, 89)
(1736, 90)
(1737, 89)
(1738, 90)
(1739, 90)
(1740, 90)
(1741, 89)
(1742, 90)
(1743, 90)
(1744, 90)
(1745, 88)
(1746, 87)
(1747, 88)
(1748, 88)
(1749, 90)
(1750, 92)
(1751, 92)
(1752, 90)
(1753, 89)
(1754, 89)
(1755, 89)
(1756, 89)
(1757, 89)
(1758, 90)
(1759, 88)
(1760, 88)
(1761, 88)
(1762, 89)
(1763, 88)
(1764, 88)
(1765, 88)
(1766, 89)
(1767, 91)
(1768, 89)
(1769, 88)
(1770, 88)
(1771, 88)
(1772, 88)
(1773, 88)
(1774, 90)
(1775, 87)
(1776, 87)
(1777, 88)
(1778, 87)
(1779, 87)
(1780, 88)
(1781, 87)
(1782, 87)
(1783, 88)
(1784, 87)
(1785, 87)
(1786, 90)
(1787, 87)
(1788, 86)
(1789, 86)
(1790, 88)
(1791, 87)
(1792, 88)
(1793, 88)
(1794, 88)
(1795, 88)
(1796, 88)
(1797, 87)
(1798, 86)
(1799, 86)
(1800, 87)
(1801, 89)
(1802, 87)
(1803, 88)
(1804, 87)
(1805, 87)
(1806, 88)
(1807, 89)
(1808, 88)
(1809, 88)
(1810, 86)
(1811, 86)
(1812, 87)
(1813, 87)
(1814, 88)
(1815, 88)
(1816, 87)
(1817, 86)
(1818, 87)
(1819, 87)
(1820, 89)
(1821, 87)
(1822, 88)
(1823, 87)
(1824, 87)
(1825, 87)
(1826, 86)
(1827, 87)
(1828, 87)
(1829, 88)
(1830, 86)
(1831, 87)
(1832, 86)
(1833, 88)
(1834, 88)
(1835, 87)
(1836, 89)
(1837, 88)
(1838, 85)
(1839, 89)
(1840, 87)
(1841, 88)
(1842, 85)
(1843, 85)
(1844, 85)
(1845, 85)
(1846, 88)
(1847, 86)
(1848, 86)
(1849, 86)
(1850, 86)
(1851, 86)
(1852, 89)
(1853, 86)
(1854, 86)
(1855, 86)
(1856, 86)
(1857, 88)
(1858, 85)
(1859, 86)
(1860, 89)
(1861, 89)
(1862, 88)
(1863, 88)
(1864, 88)
(1865, 88)
(1866, 86)
(1867, 86)
(1868, 87)
(1869, 87)
(1870, 86)
(1871, 87)
(1872, 86)
(1873, 86)
(1874, 85)
(1875, 88)
(1876, 87)
(1877, 86)
(1878, 86)
(1879, 85)
(1880, 85)
(1881, 87)
(1882, 88)
(1883, 87)
(1884, 90)
(1885, 88)
(1886, 87)
(1887, 87)
(1888, 87)
(1889, 88)
(1890, 86)
(1891, 88)
(1892, 87)
(1893, 87)
(1894, 91)
(1895, 88)
(1896, 86)
(1897, 86)
(1898, 87)
(1899, 87)
(1900, 87)
(1901, 86)
(1902, 86)
(1903, 86)
(1904, 89)
(1905, 87)
(1906, 87)
(1907, 87)
(1908, 85)
(1909, 89)
(1910, 87)
(1911, 87)
(1912, 87)
(1913, 87)
(1914, 86)
(1915, 85)
(1916, 87)
(1917, 86)
(1918, 87)
(1919, 85)
(1920, 85)
(1921, 89)
(1922, 88)
(1923, 86)
(1924, 92)
(1925, 91)
(1926, 86)
(1927, 87)
(1928, 87)
(1929, 90)
(1930, 87)
(1931, 88)
(1932, 87)
(1933, 88)
(1934, 86)
(1935, 85)
(1936, 90)
(1937, 86)
(1938, 87)
(1939, 86)
(1940, 86)
(1941, 87)
(1942, 89)
(1943, 86)
(1944, 87)
(1945, 89)
(1946, 88)
(1947, 88)
(1948, 88)
(1949, 86)
(1950, 89)
(1951, 86)
(1952, 86)
(1953, 91)
(1954, 86)
(1955, 90)
(1956, 89)
(1957, 87)
(1958, 86)
(1959, 86)
(1960, 89)
(1961, 86)
(1962, 88)
(1963, 88)
(1964, 88)
(1965, 88)
(1966, 88)
(1967, 88)
(1968, 88)
(1969, 86)
(1970, 87)
(1971, 88)
(1972, 91)
(1973, 88)
(1974, 90)
(1975, 88)
(1976, 88)
(1977, 90)
(1978, 87)
(1979, 88)
(1980, 88)
(1981, 88)
(1982, 89)
(1983, 87)
(1984, 87)
(1985, 87)
(1986, 88)
(1987, 88)
(1988, 88)
(1989, 88)
(1990, 92)
(1991, 90)
(1992, 91)
(1993, 90)
(1994, 89)
(1995, 91)
(1996, 88)
(1997, 88)
(1998, 88)
(1999, 87)
(2000, 86)
(2001, 86)
(2002, 87)
(2003, 88)
(2004, 86)
(2005, 87)
(2006, 86)
(2007, 87)
(2008, 86)
(2009, 87)
(2010, 87)
(2011, 85)
(2012, 88)
(2013, 87)
(2014, 87)
(2015, 85)
(2016, 85)
(2017, 85)
(2018, 84)
(2019, 85)
(2020, 86)
(2021, 88)
(2022, 87)
(2023, 85)
(2024, 87)
(2025, 88)
(2026, 87)
(2027, 88)
(2028, 88)
(2029, 89)
(2030, 89)
(2031, 89)
(2032, 88)
(2033, 87)
(2034, 88)
(2035, 86)
(2036, 85)
(2037, 87)
(2038, 87)
(2039, 88)
(2040, 88)
(2041, 87)
(2042, 89)
(2043, 88)
(2044, 87)
(2045, 87)
(2046, 87)
(2047, 90)
(2048, 91)
(2049, 89)
(2050, 88)
(2051, 88)
(2052, 88)
(2053, 89)
(2054, 89)
(2055, 88)
(2056, 89)
(2057, 90)
(2058, 89)
(2059, 88)
(2060, 87)
(2061, 89)
(2062, 87)
(2063, 88)
(2064, 89)
(2065, 87)
(2066, 88)
(2067, 87)
(2068, 87)
(2069, 89)
(2070, 88)
(2071, 88)
(2072, 87)
(2073, 88)
(2074, 90)
(2075, 87)
(2076, 89)
(2077, 88)
(2078, 89)
(2079, 90)
(2080, 89)
(2081, 89)
(2082, 90)
(2083, 88)
(2084, 89)
(2085, 89)
(2086, 90)
(2087, 89)
(2088, 87)
(2089, 86)
(2090, 86)
(2091, 86)
(2092, 88)
(2093, 88)
(2094, 86)
(2095, 87)
(2096, 90)
(2097, 89)
(2098, 90)
(2099, 88)
(2100, 88)
(2101, 90)
(2102, 89)
(2103, 88)
(2104, 87)
(2105, 89)
(2106, 89)
(2107, 90)
(2108, 92)
(2109, 90)
(2110, 90)
(2111, 90)
(2112, 89)
(2113, 89)
(2114, 87)
(2115, 88)
(2116, 88)
(2117, 88)
(2118, 88)
(2119, 87)
(2120, 87)
(2121, 88)
(2122, 87)
(2123, 88)
(2124, 87)
(2125, 89)
(2126, 90)
(2127, 89)
(2128, 90)
(2129, 89)
(2130, 89)
(2131, 88)
(2132, 89)
(2133, 88)
(2134, 87)
(2135, 89)
(2136, 86)
(2137, 88)
(2138, 86)
(2139, 89)
(2140, 87)
(2141, 87)
(2142, 86)
(2143, 86)
(2144, 86)
(2145, 89)
(2146, 89)
(2147, 87)
(2148, 87)
(2149, 89)
(2150, 86)
(2151, 87)
(2152, 88)
(2153, 88)
(2154, 88)
(2155, 87)
(2156, 86)
(2157, 85)
(2158, 86)
(2159, 87)
(2160, 86)
(2161, 86)
(2162, 86)
(2163, 85)
(2164, 88)
(2165, 87)
(2166, 87)
(2167, 86)
(2168, 86)
(2169, 89)
(2170, 86)
(2171, 88)
(2172, 88)
(2173, 87)
(2174, 87)
(2175, 87)
(2176, 88)
(2177, 88)
(2178, 89)
(2179, 88)
(2180, 87)
(2181, 88)
(2182, 87)
(2183, 88)
(2184, 86)
(2185, 88)
(2186, 87)
(2187, 86)
(2188, 86)
(2189, 86)
(2190, 87)
(2191, 87)
(2192, 85)
(2193, 88)
(2194, 84)
(2195, 85)
(2196, 87)
(2197, 85)
(2198, 85)
(2199, 86)
(2200, 86)
(2201, 85)
(2202, 87)
(2203, 87)
(2204, 84)
(2205, 85)
(2206, 89)
(2207, 87)
(2208, 87)
(2209, 89)
(2210, 87)
(2211, 85)
(2212, 85)
(2213, 88)
(2214, 85)
(2215, 86)
(2216, 85)
(2217, 86)
(2218, 85)
(2219, 83)
(2220, 85)
(2221, 86)
(2222, 85)
(2223, 83)
(2224, 84)
(2225, 85)
(2226, 85)
(2227, 84)
(2228, 84)
(2229, 86)
(2230, 85)
(2231, 84)
(2232, 84)
(2233, 85)
(2234, 87)
(2235, 88)
(2236, 87)
(2237, 85)
(2238, 86)
(2239, 86)
(2240, 86)
(2241, 86)
(2242, 87)
(2243, 90)
(2244, 91)
(2245, 88)
(2246, 86)
(2247, 88)
(2248, 89)
(2249, 88)
(2250, 86)
(2251, 87)
(2252, 88)
(2253, 89)
(2254, 91)
(2255, 90)
(2256, 89)
(2257, 90)
(2258, 89)
(2259, 90)
(2260, 88)
(2261, 89)
(2262, 91)
(2263, 90)
(2264, 90)
(2265, 90)
(2266, 89)
(2267, 87)
(2268, 87)
(2269, 88)
(2270, 89)
(2271, 91)
(2272, 90)
(2273, 89)
(2274, 87)
(2275, 88)
(2276, 88)
(2277, 90)
(2278, 89)
(2279, 88)
(2280, 90)
(2281, 89)
(2282, 92)
(2283, 90)
(2284, 88)
(2285, 91)
(2286, 92)
(2287, 89)
(2288, 88)
(2289, 91)
(2290, 93)
(2291, 93)
(2292, 91)
(2293, 90)
(2294, 93)
(2295, 88)
(2296, 90)
(2297, 89)
(2298, 87)
(2299, 87)
(2300, 88)
(2301, 89)
(2302, 86)
(2303, 88)
(2304, 87)
(2305, 87)
(2306, 88)
(2307, 89)
(2308, 89)
(2309, 87)
(2310, 86)
(2311, 86)
(2312, 90)
(2313, 89)
(2314, 87)
(2315, 86)
(2316, 86)
(2317, 89)
(2318, 88)
(2319, 87)
(2320, 88)
(2321, 87)
(2322, 87)
(2323, 88)
(2324, 89)
(2325, 87)
(2326, 91)
(2327, 88)
(2328, 88)
(2329, 88)
(2330, 87)
(2331, 88)
(2332, 87)
(2333, 87)
(2334, 89)
(2335, 87)
(2336, 87)
(2337, 88)
(2338, 88)
(2339, 87)
(2340, 88)
(2341, 88)
(2342, 88)
(2343, 87)
(2344, 87)
(2345, 86)
(2346, 88)
(2347, 89)
(2348, 88)
(2349, 87)
(2350, 90)
(2351, 89)
(2352, 90)
(2353, 90)
(2354, 91)
(2355, 88)
(2356, 88)
(2357, 90)
(2358, 89)
(2359, 90)
(2360, 90)
(2361, 87)
(2362, 87)
(2363, 90)
(2364, 92)
(2365, 87)
(2366, 90)
(2367, 90)
(2368, 89)
(2369, 89)
(2370, 88)
(2371, 89)
(2372, 88)
(2373, 89)
(2374, 88)
(2375, 90)
(2376, 89)
(2377, 87)
(2378, 87)
(2379, 89)
(2380, 88)
(2381, 91)
(2382, 87)
(2383, 89)
(2384, 90)
(2385, 90)
(2386, 87)
(2387, 88)
(2388, 91)
(2389, 89)
(2390, 89)
(2391, 87)
(2392, 87)
(2393, 86)
(2394, 89)
(2395, 89)
(2396, 90)
(2397, 90)
(2398, 86)
(2399, 86)
(2400, 86)
(2401, 92)
(2402, 90)
(2403, 87)
(2404, 88)
(2405, 90)
(2406, 87)
(2407, 87)
(2408, 86)
(2409, 88)
(2410, 84)
(2411, 85)
(2412, 86)
(2413, 86)
(2414, 86)
(2415, 85)
(2416, 86)
(2417, 87)
(2418, 87)
(2419, 86)
(2420, 87)
(2421, 86)
(2422, 87)
(2423, 87)
(2424, 84)
(2425, 85)
(2426, 86)
(2427, 87)
(2428, 86)
(2429, 90)
(2430, 88)
(2431, 89)
(2432, 86)
(2433, 86)
(2434, 85)
(2435, 86)
(2436, 87)
(2437, 88)
(2438, 87)
(2439, 87)
(2440, 87)
(2441, 87)
(2442, 89)
(2443, 85)
(2444, 87)
(2445, 86)
(2446, 87)
(2447, 86)
(2448, 87)
(2449, 86)
(2450, 87)
(2451, 86)
(2452, 86)
(2453, 88)
(2454, 89)
(2455, 87)
(2456, 86)
(2457, 88)
(2458, 89)
(2459, 87)
(2460, 86)
(2461, 90)
(2462, 86)
(2463, 87)
(2464, 88)
(2465, 87)
(2466, 86)
(2467, 88)
(2468, 87)
(2469, 86)
(2470, 87)
(2471, 87)
(2472, 86)
(2473, 88)
(2474, 88)
(2475, 85)
(2476, 87)
(2477, 88)
(2478, 88)
(2479, 86)
(2480, 86)
(2481, 86)
(2482, 88)
(2483, 86)
(2484, 86)
(2485, 85)
(2486, 89)
(2487, 88)
(2488, 87)
(2489, 87)
(2490, 86)
(2491, 88)
(2492, 88)
(2493, 90)
(2494, 87)
(2495, 89)
(2496, 87)
(2497, 87)
(2498, 88)
(2499, 87)
(2500, 89)
(2501, 87)
(2502, 86)
(2503, 87)
(2504, 87)
(2505, 88)
(2506, 89)
(2507, 87)
(2508, 88)
(2509, 87)
(2510, 87)
(2511, 86)
(2512, 87)
(2513, 86)
(2514, 86)
(2515, 88)
(2516, 88)
(2517, 87)
(2518, 89)
(2519, 87)
(2520, 88)
(2521, 86)
(2522, 87)
(2523, 88)
(2524, 88)
(2525, 88)
(2526, 88)
(2527, 89)
(2528, 90)
(2529, 88)
(2530, 89)
(2531, 87)
(2532, 88)
(2533, 86)
(2534, 87)
(2535, 86)
(2536, 87)
(2537, 85)
(2538, 86)
(2539, 87)
(2540, 87)
(2541, 86)
(2542, 87)
(2543, 85)
(2544, 87)
(2545, 89)
(2546, 86)
(2547, 87)
(2548, 86)
(2549, 84)
(2550, 86)
(2551, 90)
(2552, 86)
(2553, 86)
(2554, 86)
(2555, 86)
(2556, 87)
(2557, 87)
(2558, 87)
(2559, 86)
(2560, 86)
(2561, 87)
(2562, 87)
(2563, 87)
(2564, 87)
(2565, 86)
(2566, 88)
(2567, 87)
(2568, 87)
(2569, 87)
(2570, 87)
(2571, 87)
(2572, 86)
(2573, 88)
(2574, 87)
(2575, 86)
(2576, 86)
(2577, 86)
(2578, 86)
(2579, 87)
(2580, 87)
(2581, 90)
(2582, 88)
(2583, 87)
(2584, 87)
(2585, 87)
(2586, 86)
(2587, 86)
(2588, 87)
(2589, 86)
(2590, 87)
(2591, 86)
(2592, 87)
(2593, 88)
(2594, 88)
(2595, 89)
(2596, 87)
(2597, 88)
(2598, 90)
(2599, 86)
(2600, 86)
(2601, 87)
(2602, 88)
(2603, 88)
(2604, 87)
(2605, 86)
(2606, 90)
(2607, 87)
(2608, 87)
(2609, 87)
(2610, 86)
(2611, 88)
(2612, 87)
(2613, 89)
(2614, 90)
(2615, 89)
(2616, 89)
(2617, 89)
(2618, 91)
(2619, 89)
(2620, 89)
(2621, 88)
(2622, 90)
(2623, 88)
(2624, 88)
(2625, 92)
(2626, 89)
(2627, 88)
(2628, 87)
(2629, 86)
(2630, 87)
(2631, 88)
(2632, 89)
(2633, 89)
(2634, 88)
(2635, 87)
(2636, 91)
(2637, 89)
(2638, 88)
(2639, 87)
(2640, 87)
(2641, 89)
(2642, 86)
(2643, 89)
(2644, 87)
(2645, 90)
(2646, 88)
(2647, 93)
(2648, 92)
(2649, 88)
(2650, 86)
(2651, 86)
(2652, 86)
(2653, 88)
(2654, 87)
(2655, 89)
(2656, 88)
(2657, 87)
(2658, 88)
(2659, 86)
(2660, 86)
(2661, 88)
(2662, 86)
(2663, 86)
(2664, 87)
(2665, 87)
(2666, 87)
(2667, 87)
(2668, 88)
(2669, 87)
(2670, 85)
(2671, 87)
(2672, 90)
(2673, 85)
(2674, 87)
(2675, 86)
(2676, 87)
(2677, 88)
(2678, 86)
(2679, 87)
(2680, 87)
(2681, 86)
(2682, 87)
(2683, 87)
(2684, 87)
(2685, 89)
(2686, 88)
(2687, 88)
(2688, 88)
(2689, 91)
(2690, 87)
(2691, 86)
(2692, 88)
(2693, 88)
(2694, 88)
(2695, 85)
(2696, 86)
(2697, 86)
(2698, 87)
(2699, 87)
(2700, 88)
(2701, 87)
(2702, 87)
(2703, 88)
(2704, 87)
(2705, 87)
(2706, 88)
(2707, 90)
(2708, 90)
(2709, 88)
(2710, 89)
(2711, 87)
(2712, 87)
(2713, 88)
(2714, 88)
(2715, 89)
(2716, 87)
(2717, 87)
(2718, 87)
(2719, 88)
(2720, 86)
(2721, 86)
(2722, 88)
(2723, 88)
(2724, 89)
(2725, 88)
(2726, 90)
(2727, 89)
(2728, 88)
(2729, 87)
(2730, 88)
(2731, 88)
(2732, 89)
(2733, 86)
(2734, 86)
(2735, 85)
(2736, 85)
(2737, 87)
(2738, 88)
(2739, 86)
(2740, 85)
(2741, 88)
(2742, 86)
(2743, 86)
(2744, 85)
(2745, 87)
(2746, 85)
(2747, 87)
(2748, 89)
(2749, 89)
(2750, 88)
(2751, 87)
(2752, 87)
(2753, 85)
(2754, 88)
(2755, 88)
(2756, 89)
(2757, 87)
(2758, 89)
(2759, 88)
(2760, 87)
(2761, 89)
(2762, 89)
(2763, 88)
(2764, 89)
(2765, 88)
(2766, 88)
(2767, 87)
(2768, 88)
(2769, 89)
(2770, 87)
(2771, 88)
(2772, 89)
(2773, 88)
(2774, 87)
(2775, 89)
(2776, 88)
(2777, 86)
(2778, 88)
(2779, 90)
(2780, 87)
(2781, 88)
(2782, 88)
(2783, 89)
(2784, 89)
(2785, 90)
(2786, 90)
(2787, 91)
(2788, 89)
(2789, 87)
(2790, 89)
(2791, 88)
(2792, 89)
(2793, 87)
(2794, 89)
(2795, 89)
(2796, 87)
(2797, 88)
(2798, 89)
(2799, 87)
(2800, 89)
(2801, 87)
(2802, 89)
(2803, 89)
(2804, 88)
(2805, 89)
(2806, 89)
(2807, 89)
(2808, 87)
(2809, 88)
(2810, 89)
(2811, 90)
(2812, 88)
(2813, 89)
(2814, 89)
(2815, 88)
(2816, 90)
(2817, 86)
(2818, 86)
(2819, 87)
(2820, 87)
(2821, 90)
(2822, 87)
(2823, 88)
(2824, 90)
(2825, 89)
(2826, 90)
(2827, 88)
(2828, 87)
(2829, 86)
(2830, 87)
(2831, 87)
(2832, 88)
(2833, 87)
(2834, 87)
(2835, 88)
(2836, 90)
(2837, 88)
(2838, 90)
(2839, 89)
(2840, 87)
(2841, 87)
(2842, 88)
(2843, 89)
(2844, 91)
(2845, 87)
(2846, 89)
(2847, 90)
(2848, 89)
(2849, 88)
(2850, 87)
(2851, 87)
(2852, 88)
(2853, 90)
(2854, 88)
(2855, 90)
(2856, 89)
(2857, 90)
(2858, 88)
(2859, 88)
(2860, 89)
(2861, 88)
(2862, 90)
(2863, 89)
(2864, 87)
(2865, 86)
(2866, 86)
(2867, 87)
(2868, 90)
(2869, 88)
(2870, 88)
(2871, 90)
(2872, 88)
(2873, 87)
(2874, 87)
(2875, 87)
(2876, 87)
(2877, 87)
(2878, 86)
(2879, 86)
(2880, 89)
(2881, 86)
(2882, 87)
(2883, 86)
(2884, 87)
(2885, 86)
(2886, 87)
(2887, 87)
(2888, 86)
(2889, 86)
(2890, 86)
(2891, 87)
(2892, 88)
(2893, 86)
(2894, 87)
(2895, 88)
(2896, 90)
(2897, 86)
(2898, 87)
(2899, 89)
(2900, 88)
(2901, 87)
(2902, 87)
(2903, 88)
(2904, 89)
(2905, 88)
(2906, 86)
(2907, 89)
(2908, 88)
(2909, 88)
(2910, 87)
(2911, 87)
(2912, 88)
(2913, 87)
(2914, 85)
(2915, 86)
(2916, 86)
(2917, 89)
(2918, 88)
(2919, 88)
(2920, 88)
(2921, 90)
(2922, 89)
(2923, 88)
(2924, 87)
(2925, 90)
(2926, 90)
(2927, 89)
(2928, 87)
(2929, 87)
(2930, 88)
(2931, 87)
(2932, 88)
(2933, 86)
(2934, 87)
(2935, 88)
(2936, 88)
(2937, 88)
(2938, 87)
(2939, 87)
(2940, 88)
(2941, 89)
(2942, 90)
(2943, 87)
(2944, 87)
(2945, 88)
(2946, 91)
(2947, 88)
(2948, 87)
(2949, 87)
(2950, 88)
(2951, 87)
(2952, 87)
(2953, 86)
(2954, 88)
(2955, 88)
(2956, 86)
(2957, 88)
(2958, 88)
(2959, 87)
(2960, 87)
(2961, 87)
(2962, 88)
(2963, 87)
(2964, 89)
(2965, 89)
(2966, 85)
(2967, 86)
(2968, 86)
(2969, 87)
(2970, 86)
(2971, 87)
(2972, 88)
(2973, 89)
(2974, 91)
(2975, 88)
(2976, 88)
(2977, 86)
(2978, 86)
(2979, 87)
(2980, 86)
(2981, 87)
(2982, 87)
(2983, 86)
(2984, 85)
(2985, 88)
(2986, 86)
(2987, 88)
(2988, 89)
(2989, 86)
(2990, 87)
(2991, 89)
(2992, 88)
(2993, 89)
(2994, 87)
(2995, 88)
(2996, 88)
(2997, 88)
(2998, 88)
(2999, 90)
(3000, 90)
(3001, 88)
(3002, 89)
(3003, 87)
(3004, 90)
(3005, 89)
(3006, 88)
(3007, 87)
(3008, 89)
(3009, 90)
(3010, 88)
(3011, 88)
(3012, 91)
(3013, 90)
(3014, 89)
(3015, 91)
(3016, 90)
(3017, 90)
(3018, 89)
(3019, 87)
(3020, 89)
(3021, 89)
(3022, 89)
(3023, 88)
(3024, 89)
(3025, 88)
(3026, 87)
(3027, 90)
(3028, 90)
(3029, 89)
(3030, 89)
(3031, 90)
(3032, 89)
(3033, 91)
(3034, 87)
(3035, 89)
(3036, 88)
(3037, 91)
(3038, 87)
(3039, 87)
(3040, 85)
(3041, 87)
(3042, 89)
(3043, 88)
(3044, 87)
(3045, 86)
(3046, 88)
(3047, 91)
(3048, 88)
(3049, 87)
(3050, 89)
(3051, 87)
(3052, 88)
(3053, 87)
(3054, 87)
(3055, 88)
(3056, 88)
(3057, 89)
(3058, 90)
(3059, 87)
(3060, 87)
(3061, 87)
(3062, 88)
(3063, 89)
(3064, 88)
(3065, 86)
(3066, 87)
(3067, 87)
(3068, 86)
(3069, 86)
(3070, 87)
(3071, 89)
(3072, 87)
(3073, 88)
(3074, 87)
(3075, 86)
(3076, 88)
(3077, 86)
(3078, 86)
(3079, 87)
(3080, 86)
(3081, 86)
(3082, 86)
(3083, 88)
(3084, 87)
(3085, 88)
(3086, 88)
(3087, 87)
(3088, 88)
(3089, 86)
(3090, 86)
(3091, 89)
(3092, 86)
(3093, 86)
(3094, 86)
(3095, 86)
(3096, 86)
(3097, 87)
(3098, 88)
(3099, 87)
(3100, 87)
(3101, 86)
(3102, 86)
(3103, 87)
(3104, 87)
(3105, 87)
(3106, 87)
(3107, 89)
(3108, 88)
(3109, 89)
(3110, 88)
(3111, 88)
(3112, 87)
(3113, 87)
(3114, 86)
(3115, 86)
(3116, 89)
(3117, 87)
(3118, 87)
(3119, 88)
(3120, 87)
(3121, 87)
(3122, 84)
(3123, 86)
(3124, 86)
(3125, 85)
(3126, 86)
(3127, 91)
(3128, 91)
(3129, 88)
(3130, 88)
(3131, 90)
(3132, 87)
(3133, 90)
(3134, 86)
(3135, 88)
(3136, 88)
(3137, 89)
(3138, 88)
(3139, 89)
(3140, 89)
(3141, 87)
(3142, 87)
(3143, 88)
(3144, 88)
(3145, 87)
(3146, 87)
(3147, 86)
(3148, 86)
(3149, 86)
(3150, 90)
(3151, 88)
(3152, 88)
(3153, 88)
(3154, 88)
(3155, 86)
(3156, 87)
(3157, 88)
(3158, 88)
(3159, 85)
(3160, 88)
(3161, 86)
(3162, 86)
(3163, 87)
(3164, 86)
(3165, 87)
(3166, 88)
(3167, 87)
(3168, 86)
(3169, 86)
(3170, 86)
(3171, 87)
(3172, 88)
(3173, 88)
(3174, 87)
(3175, 88)
(3176, 90)
(3177, 90)
(3178, 88)
(3179, 88)
(3180, 88)
(3181, 89)
(3182, 89)
(3183, 87)
(3184, 87)
(3185, 88)
(3186, 89)
(3187, 91)
(3188, 90)
(3189, 88)
(3190, 88)
(3191, 88)
(3192, 90)
(3193, 87)
(3194, 88)
(3195, 87)
(3196, 88)
(3197, 88)
(3198, 89)
(3199, 87)
(3200, 86)
(3201, 88)
(3202, 87)
(3203, 86)
(3204, 90)
(3205, 87)
(3206, 87)
(3207, 88)
(3208, 88)
(3209, 88)
(3210, 89)
(3211, 88)
(3212, 87)
(3213, 86)
(3214, 88)
(3215, 86)
(3216, 87)
(3217, 85)
(3218, 88)
(3219, 87)
(3220, 88)
(3221, 88)
(3222, 89)
(3223, 88)
(3224, 88)
(3225, 86)
(3226, 89)
(3227, 89)
(3228, 88)
(3229, 89)
(3230, 89)
(3231, 89)
(3232, 91)
(3233, 89)
(3234, 89)
(3235, 88)
(3236, 88)
(3237, 88)
(3238, 87)
(3239, 89)
(3240, 88)
(3241, 89)
(3242, 87)
(3243, 87)
(3244, 89)
(3245, 91)
(3246, 92)
(3247, 90)
(3248, 87)
(3249, 89)
(3250, 87)
(3251, 86)
(3252, 87)
(3253, 86)
(3254, 86)
(3255, 86)
(3256, 87)
(3257, 87)
(3258, 87)
(3259, 89)
(3260, 89)
(3261, 87)
(3262, 88)
(3263, 86)
(3264, 86)
(3265, 86)
(3266, 86)
(3267, 87)
(3268, 88)
(3269, 87)
(3270, 87)
(3271, 86)
(3272, 86)
(3273, 86)
(3274, 85)
(3275, 86)
(3276, 85)
(3277, 87)
(3278, 85)
(3279, 86)
(3280, 85)
(3281, 89)
(3282, 88)
(3283, 86)
(3284, 86)
(3285, 86)
(3286, 87)
(3287, 84)
(3288, 86)
(3289, 86)
(3290, 85)
(3291, 85)
(3292, 87)
(3293, 88)
(3294, 86)
(3295, 89)
(3296, 87)
(3297, 87)
(3298, 88)
(3299, 88)
(3300, 86)
(3301, 88)
(3302, 90)
(3303, 87)
(3304, 87)
(3305, 88)
(3306, 88)
(3307, 87)
(3308, 88)
(3309, 87)
(3310, 88)
(3311, 88)
(3312, 88)
(3313, 89)
(3314, 89)
(3315, 87)
(3316, 91)
(3317, 89)
(3318, 87)
(3319, 88)
(3320, 86)
(3321, 86)
(3322, 87)
(3323, 88)
(3324, 88)
(3325, 88)
(3326, 87)
(3327, 87)
(3328, 87)
(3329, 88)
(3330, 88)
(3331, 87)
(3332, 88)
(3333, 88)
(3334, 87)
(3335, 87)
(3336, 88)
(3337, 87)
(3338, 89)
(3339, 88)
(3340, 88)
(3341, 88)
(3342, 88)
(3343, 88)
(3344, 89)
(3345, 88)
(3346, 88)
(3347, 87)
(3348, 88)
(3349, 85)
(3350, 87)
(3351, 87)
(3352, 87)
(3353, 87)
(3354, 87)
(3355, 88)
(3356, 87)
(3357, 87)
(3358, 87)
(3359, 88)
(3360, 87)
(3361, 86)
(3362, 87)
(3363, 86)
(3364, 88)
(3365, 86)
(3366, 87)
(3367, 88)
(3368, 89)
(3369, 85)
(3370, 88)
(3371, 86)
(3372, 88)
(3373, 86)
(3374, 85)
(3375, 87)
(3376, 88)
(3377, 88)
(3378, 89)
(3379, 88)
(3380, 89)
(3381, 86)
(3382, 87)
(3383, 88)
(3384, 88)
(3385, 87)
(3386, 87)
(3387, 89)
(3388, 88)
(3389, 87)
(3390, 86)
(3391, 87)
(3392, 87)
(3393, 88)
(3394, 87)
(3395, 86)
(3396, 86)
(3397, 86)
(3398, 87)
(3399, 86)
(3400, 88)
(3401, 88)
(3402, 87)
(3403, 87)
(3404, 85)
(3405, 87)
(3406, 86)
(3407, 88)
(3408, 89)
(3409, 90)
(3410, 87)
(3411, 89)
(3412, 87)
(3413, 88)
(3414, 88)
(3415, 89)
(3416, 87)
(3417, 89)
(3418, 88)
(3419, 87)
(3420, 88)
(3421, 90)
(3422, 87)
(3423, 88)
(3424, 88)
(3425, 88)
(3426, 86)
(3427, 86)
(3428, 88)
(3429, 88)
(3430, 87)
(3431, 87)
(3432, 87)
(3433, 87)
(3434, 87)
(3435, 87)
(3436, 86)
(3437, 87)
(3438, 87)
(3439, 88)
(3440, 88)
(3441, 88)
(3442, 87)
(3443, 88)
(3444, 89)
(3445, 89)
(3446, 90)
(3447, 88)
(3448, 89)
(3449, 88)
(3450, 87)
(3451, 87)
(3452, 88)
(3453, 87)
(3454, 88)
(3455, 87)
(3456, 87)
(3457, 89)
(3458, 87)
(3459, 88)
(3460, 89)
(3461, 89)
(3462, 89)
(3463, 87)
(3464, 88)
(3465, 87)
(3466, 86)
(3467, 86)
(3468, 89)
(3469, 88)
(3470, 88)
(3471, 88)
(3472, 88)
(3473, 88)
(3474, 89)
(3475, 88)
(3476, 88)
(3477, 88)
(3478, 88)
(3479, 89)
(3480, 88)
(3481, 88)
(3482, 87)
(3483, 89)
(3484, 88)
(3485, 88)
(3486, 88)
(3487, 86)
(3488, 85)
(3489, 88)
(3490, 86)
(3491, 87)
(3492, 86)
(3493, 86)
(3494, 89)
(3495, 87)
(3496, 88)
(3497, 87)
(3498, 87)
(3499, 86)
(3500, 85)
(3501, 86)
(3502, 88)
(3503, 88)
(3504, 87)
(3505, 87)
(3506, 88)
(3507, 88)
(3508, 86)
(3509, 87)
(3510, 88)
(3511, 87)
(3512, 86)
(3513, 86)
(3514, 88)
(3515, 88)
(3516, 88)
(3517, 88)
(3518, 85)
(3519, 86)
(3520, 86)
(3521, 87)
(3522, 88)
(3523, 85)
(3524, 87)
(3525, 88)
(3526, 86)
(3527, 88)
(3528, 87)
(3529, 87)
(3530, 89)
(3531, 88)
(3532, 86)
(3533, 86)
(3534, 87)
(3535, 87)
(3536, 86)
(3537, 87)
(3538, 88)
(3539, 89)
(3540, 87)
(3541, 87)
(3542, 86)
(3543, 86)
(3544, 86)
(3545, 86)
(3546, 86)
(3547, 86)
(3548, 86)
(3549, 88)
(3550, 89)
(3551, 88)
(3552, 87)
(3553, 89)
(3554, 87)
(3555, 87)
(3556, 87)
(3557, 85)
(3558, 90)
(3559, 91)
(3560, 89)
(3561, 88)
(3562, 87)
(3563, 85)
(3564, 85)
(3565, 85)
(3566, 88)
(3567, 87)
(3568, 88)
(3569, 87)
(3570, 87)
(3571, 88)
(3572, 90)
(3573, 92)
(3574, 88)
(3575, 89)
(3576, 89)
(3577, 88)
(3578, 90)
(3579, 91)
(3580, 90)
(3581, 89)
(3582, 88)
(3583, 88)
(3584, 90)
(3585, 87)
(3586, 89)
(3587, 89)
(3588, 87)
(3589, 88)
(3590, 87)
(3591, 88)
(3592, 88)
(3593, 87)
(3594, 87)
(3595, 86)
(3596, 87)
(3597, 87)
(3598, 88)
(3599, 88)
(3600, 87)
(3601, 87)
(3602, 89)
(3603, 87)
(3604, 86)
(3605, 85)
(3606, 90)
(3607, 88)
(3608, 88)
(3609, 89)
(3610, 88)
(3611, 87)
(3612, 88)
(3613, 91)
(3614, 90)
(3615, 89)
(3616, 90)
(3617, 88)
(3618, 89)
(3619, 88)
(3620, 88)
(3621, 87)
(3622, 88)
(3623, 87)
(3624, 89)
(3625, 92)
(3626, 87)
(3627, 86)
(3628, 88)
(3629, 86)
(3630, 89)
(3631, 88)
(3632, 88)
(3633, 86)
(3634, 86)
(3635, 89)
(3636, 86)
(3637, 88)
(3638, 87)
(3639, 86)
(3640, 89)
(3641, 88)
(3642, 88)
(3643, 87)
(3644, 88)
(3645, 87)
(3646, 87)
(3647, 89)
(3648, 89)
(3649, 89)
(3650, 90)
(3651, 89)
(3652, 88)
(3653, 89)
(3654, 88)
(3655, 90)
(3656, 87)
(3657, 89)
(3658, 89)
(3659, 90)
(3660, 89)
(3661, 87)
(3662, 87)
(3663, 86)
(3664, 87)
(3665, 86)
(3666, 87)
(3667, 84)
(3668, 86)
(3669, 86)
(3670, 86)
(3671, 87)
(3672, 87)
(3673, 87)
(3674, 85)
(3675, 90)
(3676, 90)
(3677, 88)
(3678, 89)
(3679, 87)
(3680, 89)
(3681, 87)
(3682, 88)
(3683, 88)
(3684, 86)
(3685, 88)
(3686, 88)
(3687, 87)
(3688, 87)
(3689, 90)
(3690, 88)
(3691, 88)
(3692, 88)
(3693, 88)
(3694, 87)
(3695, 89)
(3696, 88)
(3697, 86)
(3698, 88)
(3699, 86)
(3700, 87)
(3701, 87)
(3702, 86)
(3703, 87)
(3704, 87)
(3705, 87)
(3706, 88)
(3707, 89)
(3708, 89)
(3709, 87)
(3710, 88)
(3711, 87)
(3712, 87)
(3713, 86)
(3714, 86)
(3715, 88)
(3716, 86)
(3717, 85)
(3718, 86)
(3719, 86)
(3720, 88)
(3721, 86)
(3722, 85)
(3723, 85)
(3724, 86)
(3725, 85)
(3726, 86)
(3727, 87)
(3728, 87)
(3729, 85)
(3730, 84)
(3731, 85)
(3732, 86)
(3733, 88)
(3734, 87)
(3735, 89)
(3736, 88)
(3737, 89)
(3738, 88)
(3739, 89)
(3740, 90)
(3741, 88)
(3742, 87)
(3743, 90)
(3744, 89)
(3745, 90)
(3746, 88)
(3747, 86)
(3748, 86)
(3749, 85)
(3750, 86)
(3751, 86)
(3752, 87)
(3753, 87)
(3754, 91)
(3755, 90)
(3756, 86)
(3757, 89)
(3758, 87)
(3759, 88)
(3760, 87)
(3761, 86)
(3762, 88)
(3763, 86)
(3764, 86)
(3765, 86)
(3766, 89)
(3767, 88)
(3768, 88)
(3769, 87)
(3770, 88)
(3771, 87)
(3772, 87)
(3773, 88)
(3774, 87)
(3775, 87)
(3776, 88)
(3777, 88)
(3778, 87)
(3779, 87)
(3780, 87)
(3781, 87)
(3782, 88)
(3783, 88)
(3784, 87)
(3785, 88)
(3786, 87)
(3787, 86)
(3788, 86)
(3789, 89)
(3790, 86)
(3791, 87)
(3792, 88)
(3793, 88)
(3794, 88)
(3795, 88)
(3796, 89)
(3797, 88)
(3798, 88)
(3799, 89)
(3800, 88)
(3801, 92)
(3802, 92)
(3803, 91)
(3804, 88)
(3805, 86)
(3806, 88)
(3807, 90)
(3808, 89)
(3809, 88)
(3810, 87)
(3811, 89)
(3812, 87)
(3813, 88)
(3814, 89)
(3815, 88)
(3816, 88)
(3817, 88)
(3818, 88)
(3819, 89)
(3820, 88)
(3821, 90)
(3822, 88)
(3823, 88)
(3824, 88)
(3825, 89)
(3826, 88)
(3827, 87)
(3828, 90)
(3829, 88)
(3830, 87)
(3831, 88)
(3832, 87)
(3833, 89)
(3834, 87)
(3835, 86)
(3836, 87)
(3837, 88)
(3838, 88)
(3839, 88)
(3840, 89)
(3841, 88)
(3842, 86)
(3843, 88)
(3844, 88)
(3845, 90)
(3846, 88)
(3847, 87)
(3848, 86)
(3849, 87)
(3850, 89)
(3851, 88)
(3852, 87)
(3853, 87)
(3854, 87)
(3855, 87)
(3856, 88)
(3857, 89)
(3858, 87)
(3859, 87)
(3860, 89)
(3861, 87)
(3862, 87)
(3863, 87)
(3864, 89)
(3865, 88)
(3866, 87)
(3867, 87)
(3868, 85)
(3869, 87)
(3870, 88)
(3871, 87)
(3872, 87)
(3873, 87)
(3874, 88)
(3875, 89)
(3876, 87)
(3877, 87)
(3878, 87)
(3879, 89)
(3880, 89)
(3881, 87)
(3882, 89)
(3883, 88)
(3884, 86)
(3885, 88)
(3886, 88)
(3887, 88)
(3888, 89)
(3889, 88)
(3890, 88)
(3891, 90)
(3892, 91)
(3893, 89)
(3894, 87)
(3895, 87)
(3896, 87)
(3897, 89)
(3898, 87)
(3899, 91)
(3900, 92)
(3901, 94)
(3902, 92)
(3903, 92)
(3904, 88)
(3905, 90)
(3906, 89)
(3907, 89)
(3908, 89)
(3909, 88)
(3910, 88)
(3911, 89)
(3912, 90)
(3913, 89)
(3914, 87)
(3915, 88)
(3916, 86)
(3917, 91)
(3918, 90)
(3919, 88)
(3920, 87)
(3921, 87)
(3922, 87)
(3923, 86)
(3924, 87)
(3925, 89)
(3926, 87)
(3927, 88)
(3928, 89)
(3929, 86)
(3930, 87)
(3931, 86)
(3932, 85)
(3933, 86)
(3934, 84)
(3935, 86)
(3936, 86)
(3937, 85)
(3938, 84)
(3939, 86)
(3940, 88)
(3941, 86)
(3942, 87)
(3943, 86)
(3944, 87)
(3945, 87)
(3946, 88)
(3947, 87)
(3948, 90)
(3949, 91)
(3950, 89)
(3951, 91)
(3952, 89)
(3953, 87)
(3954, 89)
(3955, 90)
(3956, 89)
(3957, 88)
(3958, 87)
(3959, 86)
(3960, 86)
(3961, 88)
(3962, 88)
(3963, 88)
(3964, 88)
(3965, 88)
(3966, 88)
(3967, 88)
(3968, 87)
(3969, 87)
(3970, 88)
(3971, 88)
(3972, 87)
(3973, 89)
(3974, 89)
(3975, 88)
(3976, 89)
(3977, 88)
(3978, 88)
(3979, 89)
(3980, 89)
(3981, 88)
(3982, 90)
(3983, 88)
(3984, 88)
(3985, 88)
(3986, 88)
(3987, 89)
(3988, 88)
(3989, 90)
(3990, 89)
(3991, 89)
(3992, 89)
(3993, 87)
(3994, 89)
(3995, 92)
(3996, 89)
(3997, 90)
(3998, 88)
(3999, 90)
(4000, 91)
(4001, 89)
(4002, 91)
(4003, 90)
(4004, 89)
(4005, 89)
(4006, 87)
(4007, 88)
(4008, 87)
(4009, 87)
(4010, 86)
(4011, 87)
(4012, 88)
(4013, 87)
(4014, 86)
(4015, 88)
(4016, 87)
(4017, 88)
(4018, 88)
(4019, 89)
(4020, 88)
(4021, 88)
(4022, 92)
(4023, 90)
(4024, 90)
(4025, 89)
(4026, 89)
(4027, 87)
(4028, 89)
(4029, 90)
(4030, 89)
(4031, 90)
(4032, 89)
(4033, 91)
(4034, 90)
(4035, 89)
(4036, 88)
(4037, 88)
(4038, 90)
(4039, 91)
(4040, 90)
(4041, 89)
(4042, 89)
(4043, 90)
(4044, 89)
(4045, 89)
(4046, 90)
(4047, 88)
(4048, 89)
(4049, 90)
(4050, 88)
(4051, 87)
(4052, 88)
(4053, 87)
(4054, 87)
(4055, 88)
(4056, 89)
(4057, 90)
(4058, 89)
(4059, 90)
(4060, 89)
(4061, 90)
(4062, 90)
(4063, 87)
(4064, 88)
(4065, 88)
(4066, 87)
(4067, 88)
(4068, 87)
(4069, 89)
(4070, 88)
(4071, 88)
(4072, 90)
(4073, 87)
(4074, 86)
(4075, 88)
(4076, 89)
(4077, 92)
(4078, 87)
(4079, 89)
(4080, 87)
(4081, 89)
(4082, 88)
(4083, 90)
(4084, 89)
(4085, 89)
(4086, 88)
(4087, 89)
(4088, 88)
(4089, 87)
(4090, 91)
(4091, 88)
(4092, 89)
(4093, 86)
(4094, 89)
(4095, 91)
(4096, 89)
(4097, 87)
(4098, 90)
(4099, 88)
(4100, 89)
(4101, 87)
(4102, 88)
(4103, 89)
(4104, 89)
(4105, 89)
(4106, 89)
(4107, 89)
(4108, 89)
(4109, 87)
(4110, 89)
(4111, 87)
(4112, 88)
(4113, 87)
(4114, 85)
(4115, 85)
(4116, 88)
(4117, 86)
(4118, 87)
(4119, 86)
(4120, 86)
(4121, 85)
(4122, 87)
(4123, 86)
(4124, 85)
(4125, 88)
(4126, 90)
(4127, 88)
(4128, 87)
(4129, 86)
(4130, 90)
(4131, 89)
(4132, 89)
(4133, 88)
(4134, 88)
(4135, 88)
(4136, 89)
(4137, 87)
(4138, 87)
(4139, 88)
(4140, 89)
(4141, 88)
(4142, 87)
(4143, 87)
(4144, 88)
(4145, 89)
(4146, 87)
(4147, 87)
(4148, 88)
(4149, 88)
(4150, 86)
(4151, 87)
(4152, 88)
(4153, 87)
(4154, 88)
(4155, 89)
(4156, 89)
(4157, 90)
(4158, 91)
(4159, 88)
(4160, 89)
(4161, 88)
(4162, 89)
(4163, 92)
(4164, 88)
(4165, 89)
(4166, 87)
(4167, 89)
(4168, 89)
(4169, 88)
(4170, 90)
(4171, 89)
(4172, 89)
(4173, 90)
(4174, 89)
(4175, 89)
(4176, 89)
(4177, 89)
(4178, 89)
(4179, 90)
(4180, 88)
(4181, 89)
(4182, 88)
(4183, 89)
(4184, 89)
(4185, 89)
(4186, 90)
(4187, 89)
(4188, 89)
(4189, 89)
(4190, 89)
(4191, 90)
(4192, 89)
(4193, 88)
(4194, 89)
(4195, 87)
(4196, 87)
(4197, 89)
(4198, 87)
(4199, 91)
(4200, 91)
(4201, 91)
(4202, 88)
(4203, 92)
(4204, 91)
(4205, 90)
(4206, 88)
(4207, 90)
(4208, 88)
(4209, 88)
(4210, 88)
(4211, 88)
(4212, 87)
(4213, 87)
(4214, 87)
(4215, 88)
(4216, 85)
(4217, 86)
(4218, 85)
(4219, 87)
(4220, 89)
(4221, 88)
(4222, 89)
(4223, 89)
(4224, 88)
(4225, 88)
(4226, 87)
(4227, 87)
(4228, 86)
(4229, 89)
(4230, 91)
(4231, 88)
(4232, 89)
(4233, 89)
(4234, 87)
(4235, 87)
(4236, 86)
(4237, 87)
(4238, 87)
(4239, 88)
(4240, 88)
(4241, 89)
(4242, 88)
(4243, 86)
(4244, 86)
(4245, 87)
(4246, 87)
(4247, 86)
(4248, 86)
(4249, 89)
(4250, 86)
(4251, 88)
(4252, 87)
(4253, 88)
(4254, 88)
(4255, 88)
(4256, 87)
(4257, 86)
(4258, 85)
(4259, 86)
(4260, 85)
(4261, 89)
(4262, 87)
(4263, 86)
(4264, 87)
(4265, 87)
(4266, 88)
(4267, 86)
(4268, 86)
(4269, 88)
(4270, 88)
(4271, 88)
(4272, 88)
(4273, 87)
(4274, 87)
(4275, 87)
(4276, 87)
(4277, 88)
(4278, 87)
(4279, 89)
(4280, 88)
(4281, 88)
(4282, 89)
(4283, 86)
(4284, 89)
(4285, 91)
(4286, 88)
(4287, 88)
(4288, 87)
(4289, 86)
(4290, 86)
(4291, 88)
(4292, 88)
(4293, 87)
(4294, 89)
(4295, 89)
(4296, 86)
(4297, 88)
(4298, 89)
(4299, 87)
(4300, 87)
(4301, 87)
(4302, 88)
(4303, 87)
(4304, 86)
(4305, 88)
(4306, 88)
(4307, 88)
(4308, 89)
(4309, 87)
(4310, 87)
(4311, 88)
(4312, 88)
(4313, 88)
(4314, 88)
(4315, 88)
(4316, 91)
(4317, 89)
(4318, 89)
(4319, 89)
(4320, 87)
(4321, 88)
(4322, 89)
(4323, 88)
(4324, 91)
(4325, 91)
(4326, 91)
(4327, 88)
(4328, 88)
(4329, 86)
(4330, 87)
(4331, 89)
(4332, 87)
(4333, 90)
(4334, 89)
(4335, 88)
(4336, 89)
(4337, 88)
(4338, 89)
(4339, 87)
(4340, 87)
(4341, 88)
(4342, 90)
(4343, 90)
(4344, 90)
(4345, 90)
(4346, 89)
(4347, 86)
(4348, 88)
(4349, 88)
(4350, 87)
(4351, 86)
(4352, 87)
(4353, 88)
(4354, 90)
(4355, 89)
(4356, 88)
(4357, 88)
(4358, 88)
(4359, 88)
(4360, 86)
(4361, 85)
(4362, 86)
(4363, 87)
(4364, 86)
(4365, 86)
(4366, 88)
(4367, 88)
(4368, 87)
(4369, 88)
(4370, 86)
(4371, 87)
(4372, 85)
(4373, 86)
(4374, 87)
(4375, 85)
(4376, 87)
(4377, 86)
(4378, 87)
(4379, 87)
(4380, 86)
(4381, 87)
(4382, 86)
(4383, 86)
(4384, 87)
(4385, 87)
(4386, 85)
(4387, 87)
(4388, 86)
(4389, 87)
(4390, 88)
(4391, 88)
(4392, 87)
(4393, 89)
(4394, 88)
(4395, 87)
(4396, 87)
(4397, 88)
(4398, 88)
(4399, 90)
(4400, 90)
(4401, 89)
(4402, 86)
(4403, 86)
(4404, 90)
(4405, 89)
(4406, 88)
(4407, 87)
(4408, 88)
(4409, 88)
(4410, 88)
(4411, 89)
(4412, 89)
(4413, 88)
(4414, 88)
(4415, 88)
(4416, 89)
(4417, 90)
(4418, 90)
(4419, 89)
(4420, 88)
(4421, 87)
(4422, 87)
(4423, 89)
(4424, 87)
(4425, 87)
(4426, 87)
(4427, 87)
(4428, 87)
(4429, 87)
(4430, 89)
(4431, 88)
(4432, 88)
(4433, 88)
(4434, 88)
(4435, 88)
(4436, 89)
(4437, 89)
(4438, 88)
(4439, 89)
(4440, 87)
(4441, 87)
(4442, 86)
(4443, 88)
(4444, 86)
(4445, 88)
(4446, 86)
(4447, 86)
(4448, 87)
(4449, 86)
(4450, 89)
(4451, 90)
(4452, 89)
(4453, 88)
(4454, 90)
(4455, 86)
(4456, 86)
(4457, 86)
(4458, 88)
(4459, 86)
(4460, 88)
(4461, 86)
(4462, 86)
(4463, 87)
(4464, 89)
(4465, 87)
(4466, 87)
(4467, 87)
(4468, 86)
(4469, 86)
(4470, 86)
(4471, 88)
(4472, 88)
(4473, 88)
(4474, 87)
(4475, 87)
(4476, 87)
(4477, 88)
(4478, 87)
(4479, 85)
(4480, 86)
(4481, 86)
(4482, 86)
(4483, 86)
(4484, 87)
(4485, 87)
(4486, 87)
(4487, 87)
(4488, 86)
(4489, 90)
(4490, 89)
(4491, 90)
(4492, 90)
(4493, 89)
(4494, 87)
(4495, 87)
(4496, 88)
(4497, 86)
(4498, 87)
(4499, 87)
(4500, 87)
(4501, 88)
(4502, 86)
(4503, 87)
(4504, 86)
(4505, 86)
(4506, 85)
(4507, 85)
(4508, 86)
(4509, 85)
(4510, 85)
(4511, 87)
(4512, 90)
(4513, 89)
(4514, 88)
(4515, 87)
(4516, 88)
(4517, 88)
(4518, 88)
(4519, 88)
(4520, 86)
(4521, 87)
(4522, 88)
(4523, 87)
(4524, 86)
(4525, 87)
(4526, 86)
(4527, 86)
(4528, 87)
(4529, 86)
(4530, 87)
(4531, 87)
(4532, 87)
(4533, 86)
(4534, 87)
(4535, 90)
(4536, 87)
(4537, 85)
(4538, 88)
(4539, 87)
(4540, 86)
(4541, 86)
(4542, 86)
(4543, 85)
(4544, 85)
(4545, 85)
(4546, 87)
(4547, 87)
(4548, 88)
(4549, 87)
(4550, 86)
(4551, 86)
(4552, 87)
(4553, 86)
(4554, 86)
(4555, 87)
(4556, 89)
(4557, 88)
(4558, 87)
(4559, 86)
(4560, 89)
(4561, 89)
(4562, 89)
(4563, 88)
(4564, 92)
(4565, 93)
(4566, 92)
(4567, 87)
(4568, 87)
(4569, 86)
(4570, 89)
(4571, 88)
(4572, 87)
(4573, 88)
(4574, 88)
(4575, 87)
(4576, 87)
(4577, 86)
(4578, 88)
(4579, 87)
(4580, 87)
(4581, 87)
(4582, 89)
(4583, 88)
(4584, 87)
(4585, 87)
(4586, 87)
(4587, 89)
(4588, 88)
(4589, 86)
(4590, 87)
(4591, 86)
(4592, 87)
(4593, 85)
(4594, 85)
(4595, 86)
(4596, 86)
(4597, 86)
(4598, 86)
(4599, 87)
(4600, 88)
(4601, 87)
(4602, 87)
(4603, 89)
(4604, 87)
(4605, 86)
(4606, 87)
(4607, 90)
(4608, 88)
(4609, 87)
(4610, 86)
(4611, 86)
(4612, 86)
(4613, 87)
(4614, 90)
(4615, 88)
(4616, 88)
(4617, 88)
(4618, 92)
(4619, 85)
(4620, 86)
(4621, 85)
(4622, 87)
(4623, 87)
(4624, 87)
(4625, 88)
(4626, 89)
(4627, 89)
(4628, 88)
(4629, 87)
(4630, 87)
(4631, 87)
(4632, 88)
(4633, 92)
(4634, 90)
(4635, 90)
(4636, 89)
(4637, 88)
(4638, 89)
(4639, 87)
(4640, 88)
(4641, 90)
(4642, 90)
(4643, 88)
(4644, 87)
(4645, 87)
(4646, 87)
(4647, 87)
(4648, 88)
(4649, 88)
(4650, 87)
(4651, 87)
(4652, 86)
(4653, 86)
(4654, 86)
(4655, 89)
(4656, 87)
(4657, 89)
(4658, 89)
(4659, 88)
(4660, 88)
(4661, 89)
(4662, 87)
(4663, 88)
(4664, 89)
(4665, 87)
(4666, 88)
(4667, 89)
(4668, 88)
(4669, 90)
(4670, 88)
(4671, 88)
(4672, 87)
(4673, 87)
(4674, 88)
(4675, 90)
(4676, 90)
(4677, 91)
(4678, 89)
(4679, 90)
(4680, 88)
(4681, 89)
(4682, 90)
(4683, 89)
(4684, 93)
(4685, 89)
(4686, 87)
(4687, 88)
(4688, 88)
(4689, 87)
(4690, 88)
(4691, 88)
(4692, 89)
(4693, 89)
(4694, 88)
(4695, 89)
(4696, 88)
(4697, 87)
(4698, 87)
(4699, 87)
(4700, 86)
(4701, 87)
(4702, 86)
(4703, 88)
(4704, 87)
(4705, 88)
(4706, 87)
(4707, 87)
(4708, 87)
(4709, 86)
(4710, 89)
(4711, 88)
(4712, 87)
(4713, 87)
(4714, 86)
(4715, 86)
(4716, 86)
(4717, 85)
(4718, 87)
(4719, 87)
(4720, 86)
(4721, 89)
(4722, 85)
(4723, 86)
(4724, 85)
(4725, 85)
(4726, 87)
(4727, 89)
(4728, 86)
(4729, 86)
(4730, 88)
(4731, 90)
(4732, 88)
(4733, 89)
(4734, 89)
(4735, 86)
(4736, 88)
(4737, 87)
(4738, 87)
(4739, 87)
(4740, 87)
(4741, 86)
(4742, 87)
(4743, 87)
(4744, 86)
(4745, 87)
(4746, 87)
(4747, 87)
(4748, 86)
(4749, 86)
(4750, 88)
(4751, 86)
(4752, 86)
(4753, 87)
(4754, 86)
(4755, 88)
(4756, 89)
(4757, 88)
(4758, 89)
(4759, 88)
(4760, 90)
(4761, 91)
(4762, 89)
(4763, 90)
(4764, 88)
(4765, 88)
(4766, 90)
(4767, 89)
(4768, 89)
(4769, 89)
(4770, 87)
(4771, 89)
(4772, 91)
(4773, 91)
(4774, 90)
(4775, 89)
(4776, 89)
(4777, 89)
(4778, 89)
(4779, 89)
(4780, 91)
(4781, 90)
(4782, 90)
(4783, 92)
(4784, 88)
(4785, 88)
(4786, 88)
(4787, 87)
(4788, 87)
(4789, 87)
(4790, 87)
(4791, 87)
(4792, 86)
(4793, 87)
(4794, 88)
(4795, 87)
(4796, 88)
(4797, 87)
(4798, 87)
(4799, 87)
(4800, 88)
(4801, 87)
(4802, 89)
(4803, 89)
(4804, 89)
(4805, 88)
(4806, 87)
(4807, 89)
(4808, 88)
(4809, 88)
(4810, 87)
(4811, 88)
(4812, 88)
(4813, 88)
(4814, 88)
(4815, 88)
(4816, 89)
(4817, 89)
(4818, 86)
(4819, 86)
(4820, 85)
(4821, 87)
(4822, 90)
(4823, 88)
(4824, 89)
(4825, 90)
(4826, 88)
(4827, 88)
(4828, 87)
(4829, 88)
(4830, 88)
(4831, 87)
(4832, 89)
(4833, 90)
(4834, 88)
(4835, 90)
(4836, 91)
(4837, 88)
(4838, 87)
(4839, 87)
(4840, 88)
(4841, 88)
(4842, 89)
(4843, 90)
(4844, 90)
(4845, 91)
(4846, 88)
(4847, 89)
(4848, 89)
(4849, 88)
(4850, 88)
(4851, 87)
(4852, 87)
(4853, 88)
(4854, 88)
(4855, 88)
(4856, 90)
(4857, 87)
(4858, 90)
(4859, 91)
(4860, 89)
(4861, 88)
(4862, 90)
(4863, 88)
(4864, 88)
(4865, 88)
(4866, 86)
(4867, 87)
(4868, 87)
(4869, 88)
(4870, 87)
(4871, 87)
(4872, 88)
(4873, 87)
(4874, 89)
(4875, 89)
(4876, 87)
(4877, 87)
(4878, 87)
(4879, 89)
(4880, 87)
(4881, 88)
(4882, 90)
(4883, 88)
(4884, 87)
(4885, 88)
(4886, 90)
(4887, 89)
(4888, 88)
(4889, 89)
(4890, 88)
(4891, 88)
(4892, 88)
(4893, 89)
(4894, 89)
(4895, 89)
(4896, 88)
(4897, 88)
(4898, 88)
(4899, 89)
(4900, 89)
(4901, 91)
(4902, 90)
(4903, 89)
(4904, 88)
(4905, 89)
(4906, 90)
(4907, 90)
(4908, 90)
(4909, 90)
(4910, 89)
(4911, 90)
(4912, 88)
(4913, 89)
(4914, 89)
(4915, 89)
(4916, 90)
(4917, 90)
(4918, 89)
(4919, 88)
(4920, 87)
(4921, 87)
(4922, 87)
(4923, 86)
(4924, 86)
(4925, 87)
(4926, 88)
(4927, 87)
(4928, 87)
(4929, 88)
(4930, 89)
(4931, 86)
(4932, 88)
(4933, 87)
(4934, 86)
(4935, 86)
(4936, 87)
(4937, 88)
(4938, 87)
(4939, 86)
(4940, 87)
(4941, 87)
(4942, 88)
(4943, 88)
(4944, 89)
(4945, 88)
(4946, 90)
(4947, 87)
(4948, 88)
(4949, 88)
(4950, 88)
(4951, 88)
(4952, 88)
(4953, 87)
(4954, 91)
(4955, 89)
(4956, 91)
(4957, 87)
(4958, 88)
(4959, 89)
(4960, 87)
(4961, 88)
(4962, 89)
(4963, 88)
(4964, 89)
(4965, 90)
(4966, 91)
(4967, 88)
(4968, 89)
(4969, 87)
(4970, 87)
(4971, 88)
(4972, 87)
(4973, 88)
(4974, 87)
(4975, 85)
(4976, 85)
(4977, 86)
(4978, 88)
(4979, 88)
(4980, 87)
(4981, 90)
(4982, 91)
(4983, 91)
(4984, 89)
(4985, 88)
(4986, 87)
(4987, 88)
(4988, 90)
(4989, 89)
(4990, 88)
(4991, 88)
(4992, 87)
(4993, 88)
(4994, 89)
(4995, 88)
(4996, 89)
(4997, 89)
(4998, 87)
(4999, 88)
(5000, 89)
(5001, 86)
(5002, 85)
(5003, 85)
(5004, 87)
(5005, 86)
(5006, 88)
(5007, 88)
(5008, 89)
(5009, 88)
(5010, 89)
(5011, 86)
(5012, 87)
(5013, 87)
(5014, 87)
(5015, 87)
(5016, 88)
(5017, 87)
(5018, 88)
(5019, 88)
(5020, 88)
(5021, 87)
(5022, 88)
(5023, 88)
(5024, 89)
(5025, 88)
(5026, 90)
(5027, 92)
(5028, 93)
(5029, 91)
(5030, 90)
(5031, 90)
(5032, 89)
(5033, 89)
(5034, 90)
(5035, 88)
(5036, 89)
(5037, 89)
(5038, 89)
(5039, 87)
(5040, 86)
(5041, 87)
(5042, 86)
(5043, 89)
(5044, 88)
(5045, 87)
(5046, 87)
(5047, 87)
(5048, 89)
(5049, 89)
(5050, 87)
(5051, 86)
(5052, 86)
(5053, 86)
(5054, 89)
(5055, 90)
(5056, 88)
(5057, 87)
(5058, 88)
(5059, 86)
(5060, 86)
(5061, 86)
(5062, 87)
(5063, 86)
(5064, 89)
(5065, 86)
(5066, 87)
(5067, 87)
(5068, 88)
(5069, 86)
(5070, 88)
(5071, 88)
(5072, 87)
(5073, 87)
(5074, 86)
(5075, 89)
(5076, 87)
(5077, 88)
(5078, 88)
(5079, 89)
(5080, 89)
(5081, 89)
(5082, 89)
(5083, 88)
(5084, 89)
(5085, 88)
(5086, 86)
(5087, 85)
(5088, 87)
(5089, 88)
(5090, 89)
(5091, 89)
(5092, 89)
(5093, 87)
(5094, 86)
(5095, 86)
(5096, 87)
(5097, 87)
(5098, 88)
(5099, 86)
(5100, 88)
(5101, 87)
(5102, 88)
(5103, 87)
(5104, 89)
(5105, 88)
(5106, 87)
(5107, 87)
(5108, 88)
(5109, 87)
(5110, 88)
(5111, 88)
(5112, 87)
(5113, 88)
(5114, 89)
(5115, 90)
(5116, 88)
(5117, 86)
(5118, 86)
(5119, 87)
(5120, 85)
(5121, 86)
(5122, 87)
(5123, 86)
(5124, 85)
(5125, 88)
(5126, 86)
(5127, 88)
(5128, 89)
(5129, 86)
(5130, 87)
(5131, 86)
(5132, 89)
(5133, 87)
(5134, 86)
(5135, 89)
(5136, 88)
(5137, 87)
(5138, 88)
(5139, 89)
(5140, 89)
(5141, 87)
(5142, 88)
(5143, 89)
(5144, 87)
(5145, 89)
(5146, 89)
(5147, 88)
(5148, 89)
(5149, 89)
(5150, 87)
(5151, 91)
(5152, 88)
(5153, 90)
(5154, 89)
(5155, 90)
(5156, 88)
(5157, 88)
(5158, 89)
(5159, 88)
(5160, 90)
(5161, 89)
(5162, 89)
(5163, 92)
(5164, 92)
(5165, 90)
(5166, 89)
(5167, 89)
(5168, 89)
(5169, 89)
(5170, 91)
(5171, 92)
(5172, 90)
(5173, 90)
(5174, 89)
(5175, 88)
(5176, 87)
(5177, 88)
(5178, 87)
(5179, 88)
(5180, 88)
(5181, 87)
(5182, 88)
(5183, 86)
(5184, 88)
(5185, 87)
(5186, 86)
(5187, 85)
(5188, 91)
(5189, 87)
(5190, 88)
(5191, 88)
(5192, 89)
(5193, 87)
(5194, 86)
(5195, 87)
(5196, 87)
(5197, 87)
(5198, 86)
(5199, 88)
(5200, 87)
(5201, 86)
(5202, 88)
(5203, 88)
(5204, 89)
(5205, 88)
(5206, 87)
(5207, 88)
(5208, 87)
(5209, 88)
(5210, 89)
(5211, 87)
(5212, 87)
(5213, 87)
(5214, 87)
(5215, 88)
(5216, 88)
(5217, 90)
(5218, 89)
(5219, 90)
(5220, 87)
(5221, 88)
(5222, 88)
(5223, 88)
(5224, 88)
(5225, 86)
(5226, 87)
(5227, 89)
(5228, 87)
(5229, 88)
(5230, 88)
(5231, 88)
(5232, 90)
(5233, 88)
(5234, 90)
(5235, 89)
(5236, 88)
(5237, 88)
(5238, 88)
(5239, 89)
(5240, 89)
(5241, 87)
(5242, 87)
(5243, 87)
(5244, 86)
(5245, 88)
(5246, 88)
(5247, 88)
(5248, 88)
(5249, 87)
(5250, 86)
(5251, 88)
(5252, 89)
(5253, 87)
(5254, 87)
(5255, 87)
(5256, 88)
(5257, 87)
(5258, 87)
(5259, 88)
(5260, 90)
(5261, 89)
(5262, 87)
(5263, 86)
(5264, 85)
(5265, 88)
(5266, 88)
(5267, 88)
(5268, 85)
(5269, 85)
(5270, 87)
(5271, 86)
(5272, 86)
(5273, 86)
(5274, 85)
(5275, 85)
(5276, 85)
(5277, 85)
(5278, 86)
(5279, 85)
(5280, 86)
(5281, 87)
(5282, 86)
(5283, 88)
(5284, 87)
(5285, 88)
(5286, 88)
(5287, 87)
(5288, 85)
(5289, 85)
(5290, 85)
(5291, 86)
(5292, 88)
(5293, 89)
(5294, 90)
(5295, 88)
(5296, 87)
(5297, 88)
(5298, 86)
(5299, 88)
(5300, 86)
(5301, 90)
(5302, 87)
(5303, 87)
(5304, 87)
(5305, 87)
(5306, 87)
(5307, 89)
(5308, 87)
(5309, 88)
(5310, 88)
(5311, 88)
(5312, 87)
(5313, 87)
(5314, 88)
(5315, 86)
(5316, 86)
(5317, 87)
(5318, 87)
(5319, 87)
(5320, 89)
(5321, 87)
(5322, 86)
(5323, 88)
(5324, 86)
(5325, 86)
(5326, 86)
(5327, 90)
(5328, 86)
(5329, 87)
(5330, 87)
(5331, 87)
(5332, 85)
(5333, 85)
(5334, 87)
(5335, 87)
(5336, 86)
(5337, 87)
(5338, 88)
(5339, 87)
(5340, 85)
(5341, 85)
(5342, 86)
(5343, 86)
(5344, 87)
(5345, 88)
(5346, 86)
(5347, 86)
(5348, 86)
(5349, 86)
(5350, 86)
(5351, 86)
(5352, 85)
(5353, 86)
(5354, 85)
(5355, 85)
(5356, 87)
(5357, 86)
(5358, 86)
(5359, 87)
(5360, 87)
(5361, 88)
(5362, 86)
(5363, 87)
(5364, 87)
(5365, 86)
(5366, 86)
(5367, 89)
(5368, 89)
(5369, 86)
(5370, 86)
(5371, 87)
(5372, 87)
(5373, 88)
(5374, 89)
(5375, 88)
(5376, 87)
(5377, 87)
(5378, 89)
(5379, 89)
(5380, 87)
(5381, 87)
(5382, 87)
(5383, 89)
(5384, 88)
(5385, 88)
(5386, 90)
(5387, 86)
(5388, 87)
(5389, 86)
(5390, 87)
(5391, 87)
(5392, 89)
(5393, 88)
(5394, 90)
(5395, 87)
(5396, 88)
(5397, 88)
(5398, 90)
(5399, 89)
(5400, 89)
(5401, 88)
(5402, 88)
(5403, 90)
(5404, 88)
(5405, 89)
(5406, 89)
(5407, 90)
(5408, 89)
(5409, 88)
(5410, 88)
(5411, 87)
(5412, 89)
(5413, 88)
(5414, 88)
(5415, 87)
(5416, 87)
(5417, 87)
(5418, 86)
(5419, 87)
(5420, 89)
(5421, 88)
(5422, 88)
(5423, 85)
(5424, 86)
(5425, 87)
(5426, 87)
(5427, 85)
(5428, 86)
(5429, 86)
(5430, 86)
(5431, 86)
(5432, 84)
(5433, 88)
(5434, 87)
(5435, 88)
(5436, 87)
(5437, 87)
(5438, 86)
(5439, 86)
(5440, 87)
(5441, 86)
(5442, 86)
(5443, 89)
(5444, 87)
(5445, 87)
(5446, 88)
(5447, 86)
(5448, 86)
(5449, 87)
(5450, 89)
(5451, 90)
(5452, 88)
(5453, 87)
(5454, 88)
(5455, 87)
(5456, 87)
(5457, 87)
(5458, 88)
(5459, 89)
(5460, 88)
(5461, 86)
(5462, 90)
(5463, 87)
(5464, 90)
(5465, 89)
(5466, 90)
(5467, 91)
(5468, 88)
(5469, 88)
(5470, 89)
(5471, 88)
(5472, 90)
(5473, 89)
(5474, 89)
(5475, 89)
(5476, 89)
(5477, 90)
(5478, 90)
(5479, 90)
(5480, 91)
(5481, 89)
(5482, 90)
(5483, 90)
(5484, 89)
(5485, 89)
(5486, 89)
(5487, 89)
(5488, 89)
(5489, 90)
(5490, 89)
(5491, 89)
(5492, 89)
(5493, 90)
(5494, 91)
(5495, 89)
(5496, 89)
(5497, 88)
(5498, 89)
(5499, 88)
(5500, 88)
(5501, 91)
(5502, 89)
(5503, 88)
(5504, 89)
(5505, 88)
(5506, 86)
(5507, 89)
(5508, 88)
(5509, 87)
(5510, 86)
(5511, 87)
(5512, 86)
(5513, 88)
(5514, 86)
(5515, 87)
(5516, 89)
(5517, 87)
(5518, 89)
(5519, 88)
(5520, 88)
(5521, 89)
(5522, 87)
(5523, 88)
(5524, 86)
(5525, 86)
(5526, 87)
(5527, 88)
(5528, 87)
(5529, 87)
(5530, 86)
(5531, 88)
(5532, 88)
(5533, 87)
(5534, 85)
(5535, 85)
(5536, 86)
(5537, 85)
(5538, 86)
(5539, 87)
(5540, 88)
(5541, 86)
(5542, 86)
(5543, 89)
(5544, 88)
(5545, 89)
(5546, 87)
(5547, 87)
(5548, 89)
(5549, 91)
(5550, 87)
(5551, 88)
(5552, 86)
(5553, 89)
(5554, 88)
(5555, 87)
(5556, 88)
(5557, 88)
(5558, 89)
(5559, 90)
(5560, 89)
(5561, 91)
(5562, 89)
(5563, 89)
(5564, 88)
(5565, 88)
(5566, 87)
(5567, 87)
(5568, 88)
(5569, 86)
(5570, 88)
(5571, 88)
(5572, 87)
(5573, 89)
(5574, 88)
(5575, 88)
(5576, 86)
(5577, 88)
(5578, 87)
(5579, 87)
(5580, 87)
(5581, 91)
(5582, 87)
(5583, 89)
(5584, 88)
(5585, 90)
(5586, 90)
(5587, 86)
(5588, 87)
(5589, 89)
(5590, 88)
(5591, 87)
(5592, 88)
(5593, 87)
(5594, 87)
(5595, 87)
(5596, 89)
(5597, 87)
(5598, 88)
(5599, 87)
(5600, 87)
(5601, 86)
(5602, 86)
(5603, 90)
(5604, 85)
(5605, 85)
(5606, 85)
(5607, 85)
(5608, 86)
(5609, 85)
(5610, 87)
(5611, 87)
(5612, 86)
(5613, 87)
(5614, 86)
(5615, 87)
(5616, 90)
(5617, 88)
(5618, 86)
(5619, 86)
(5620, 88)
(5621, 87)
(5622, 89)
(5623, 86)
(5624, 89)
(5625, 87)
(5626, 87)
(5627, 89)
(5628, 87)
(5629, 90)
(5630, 88)
(5631, 89)
(5632, 91)
(5633, 88)
(5634, 91)
(5635, 90)
(5636, 89)
(5637, 89)
(5638, 90)
(5639, 89)
(5640, 87)
(5641, 91)
(5642, 88)
(5643, 88)
(5644, 88)
(5645, 90)
(5646, 89)
(5647, 90)
(5648, 88)
(5649, 90)
(5650, 89)
(5651, 87)
(5652, 86)
(5653, 92)
(5654, 89)
(5655, 86)
(5656, 87)
(5657, 88)
(5658, 90)
(5659, 92)
(5660, 92)
(5661, 90)
(5662, 88)
(5663, 89)
(5664, 89)
(5665, 89)
(5666, 90)
(5667, 87)
(5668, 87)
(5669, 89)
(5670, 90)
(5671, 88)
(5672, 88)
(5673, 88)
(5674, 88)
(5675, 88)
(5676, 89)
(5677, 91)
(5678, 88)
(5679, 89)
(5680, 88)
(5681, 90)
(5682, 89)
(5683, 90)
(5684, 88)
(5685, 89)
(5686, 87)
(5687, 86)
(5688, 88)
(5689, 88)
(5690, 88)
(5691, 86)
(5692, 87)
(5693, 88)
(5694, 89)
(5695, 89)
(5696, 89)
(5697, 88)
(5698, 88)
(5699, 89)
(5700, 89)
(5701, 87)
(5702, 86)
(5703, 90)
(5704, 88)
(5705, 89)
(5706, 88)
(5707, 87)
(5708, 89)
(5709, 88)
(5710, 88)
(5711, 89)
(5712, 88)
(5713, 88)
(5714, 89)
(5715, 91)
(5716, 89)
(5717, 87)
(5718, 87)
(5719, 86)
(5720, 85)
(5721, 87)
(5722, 88)
(5723, 88)
(5724, 88)
(5725, 86)
(5726, 86)
(5727, 86)
(5728, 88)
(5729, 87)
(5730, 88)
(5731, 88)
(5732, 86)
(5733, 87)
(5734, 87)
(5735, 90)
(5736, 86)
(5737, 87)
(5738, 90)
(5739, 89)
(5740, 92)
(5741, 90)
(5742, 90)
(5743, 88)
(5744, 88)
(5745, 89)
(5746, 88)
(5747, 87)
(5748, 88)
(5749, 88)
(5750, 89)
(5751, 90)
(5752, 88)
(5753, 87)
(5754, 87)
(5755, 89)
(5756, 86)
(5757, 87)
(5758, 88)
(5759, 86)
(5760, 87)
(5761, 88)
(5762, 88)
(5763, 87)
(5764, 87)
(5765, 87)
(5766, 89)
(5767, 88)
(5768, 87)
(5769, 86)
(5770, 88)
(5771, 86)
(5772, 86)
(5773, 86)
(5774, 88)
(5775, 87)
(5776, 87)
(5777, 87)
(5778, 86)
(5779, 86)
(5780, 86)
(5781, 87)
(5782, 87)
(5783, 87)
(5784, 87)
(5785, 88)
(5786, 86)
(5787, 90)
(5788, 86)
(5789, 85)
(5790, 86)
(5791, 87)
(5792, 88)
(5793, 87)
(5794, 86)
(5795, 89)
(5796, 89)
(5797, 87)
(5798, 88)
(5799, 88)
(5800, 90)
(5801, 89)
(5802, 88)
(5803, 88)
(5804, 90)
(5805, 88)
(5806, 88)
(5807, 88)
(5808, 87)
(5809, 88)
(5810, 88)
(5811, 86)
(5812, 87)
(5813, 85)
(5814, 86)
(5815, 89)
(5816, 88)
(5817, 87)
(5818, 87)
(5819, 88)
(5820, 87)
(5821, 87)
(5822, 87)
(5823, 87)
(5824, 89)
(5825, 88)
(5826, 88)
(5827, 89)
(5828, 89)
(5829, 91)
(5830, 89)
(5831, 90)
(5832, 90)
(5833, 89)
(5834, 89)
(5835, 91)
(5836, 88)
(5837, 88)
(5838, 88)
(5839, 88)
(5840, 91)
(5841, 90)
(5842, 90)
(5843, 88)
(5844, 88)
(5845, 87)
(5846, 88)
(5847, 87)
(5848, 87)
(5849, 87)
(5850, 88)
(5851, 91)
(5852, 88)
(5853, 90)
(5854, 90)
(5855, 88)
(5856, 89)
(5857, 87)
(5858, 87)
(5859, 87)
(5860, 89)
(5861, 87)
(5862, 86)
(5863, 85)
(5864, 85)
(5865, 86)
(5866, 86)
(5867, 87)
(5868, 89)
(5869, 86)
(5870, 86)
(5871, 87)
(5872, 87)
(5873, 88)
(5874, 86)
(5875, 86)
(5876, 85)
(5877, 87)
(5878, 87)
(5879, 87)
(5880, 87)
(5881, 85)
(5882, 87)
(5883, 87)
(5884, 88)
(5885, 87)
(5886, 86)
(5887, 87)
(5888, 88)
(5889, 88)
(5890, 88)
(5891, 89)
(5892, 87)
(5893, 87)
(5894, 89)
(5895, 88)
(5896, 88)
(5897, 86)
(5898, 87)
(5899, 86)
(5900, 86)
(5901, 86)
(5902, 87)
(5903, 88)
(5904, 86)
(5905, 87)
(5906, 88)
(5907, 87)
(5908, 86)
(5909, 85)
(5910, 87)
(5911, 87)
(5912, 86)
(5913, 87)
(5914, 88)
(5915, 91)
(5916, 90)
(5917, 88)
(5918, 88)
(5919, 90)
(5920, 88)
(5921, 87)
(5922, 86)
(5923, 87)
(5924, 89)
(5925, 84)
(5926, 87)
(5927, 88)
(5928, 89)
(5929, 88)
(5930, 90)
(5931, 89)
(5932, 88)
(5933, 89)
(5934, 87)
(5935, 87)
(5936, 88)
(5937, 88)
(5938, 87)
(5939, 89)
(5940, 88)
(5941, 89)
(5942, 88)
(5943, 88)
(5944, 86)
(5945, 87)
(5946, 89)
(5947, 89)
(5948, 88)
(5949, 85)
(5950, 88)
(5951, 87)
(5952, 87)
(5953, 86)
(5954, 85)
(5955, 86)
(5956, 86)
(5957, 87)
(5958, 87)
(5959, 88)
(5960, 86)
(5961, 87)
(5962, 88)
(5963, 88)
(5964, 87)
(5965, 88)
(5966, 87)
(5967, 88)
(5968, 89)
(5969, 86)
(5970, 86)
(5971, 88)
(5972, 87)
(5973, 86)
(5974, 88)
(5975, 89)
(5976, 88)
(5977, 87)
(5978, 87)
(5979, 87)
(5980, 90)
(5981, 90)
(5982, 87)
(5983, 88)
(5984, 88)
(5985, 87)
(5986, 87)
(5987, 88)
(5988, 87)
(5989, 89)
(5990, 90)
(5991, 88)
(5992, 87)
(5993, 87)
(5994, 89)
(5995, 88)
(5996, 88)
(5997, 88)
(5998, 91)
(5999, 90)
(6000, 90)
#GA RELOADED 2.0.1A RELOADED GRAPH OPENED Time: 18:54:58 Date: 02/08/20 BestPerTick.txt#
#GENETICAL ALGORITHM STANDART FUNCTION#
(1, 63)
(2, 64)
(3, 64)
(4, 66)
(5, 63)
(6, 64)
(7, 64)
(8, 66)
(9, 67)
(10, 66)
(11, 65)
(12, 65)
(13, 65)
(14, 64)
(15, 67)
(16, 63)
(17, 68)
(18, 71)
(19, 72)
(20, 67)
(21, 66)
(22, 68)
(23, 69)
(24, 64)
(25, 66)
(26, 64)
(27, 63)
(28, 64)
(29, 66)
(30, 64)
(31, 65)
(32, 70)
(33, 68)
(34, 68)
(35, 70)
(36, 72)
(37, 73)
(38, 72)
(39, 70)
(40, 64)
(41, 70)
(42, 69)
(43, 69)
(44, 69)
(45, 69)
(46, 70)
(47, 68)
(48, 68)
(49, 71)
(50, 70)
(51, 69)
(52, 70)
(53, 69)
(54, 68)
(55, 66)
(56, 66)
(57, 69)
(58, 67)
(59, 67)
(60, 66)
(61, 65)
(62, 68)
(63, 68)
(64, 70)
(65, 66)
(66, 65)
(67, 66)
(68, 69)
(69, 69)
(70, 68)
(71, 66)
(72, 64)
(73, 65)
(74, 66)
(75, 67)
(76, 65)
(77, 70)
(78, 67)
(79, 68)
(80, 71)
(81, 70)
(82, 69)
(83, 68)
(84, 68)
(85, 69)
(86, 67)
(87, 67)
(88, 66)
(89, 69)
(90, 62)
(91, 65)
(92, 66)
(93, 65)
(94, 66)
(95, 66)
(96, 64)
(97, 66)
(98, 66)
(99, 66)
(100, 67)
(101, 69)
(102, 68)
(103, 67)
(104, 64)
(105, 65)
(106, 67)
(107, 68)
(108, 68)
(109, 69)
(110, 63)
(111, 65)
(112, 66)
(113, 65)
(114, 64)
(115, 64)
(116, 65)
(117, 70)
(118, 66)
(119, 68)
(120, 68)
(121, 65)
(122, 66)
(123, 67)
(124, 65)
(125, 65)
(126, 65)
(127, 63)
(128, 64)
(129, 63)
(130, 67)
(131, 67)
(132, 64)
(133, 63)
(134, 63)
(135, 63)
(136, 64)
(137, 66)
(138, 67)
(139, 68)
(140, 65)
(141, 67)
(142, 65)
(143, 67)
(144, 69)
(145, 67)
(146, 69)
(147, 68)
(148, 68)
(149, 67)
(150, 65)
(151, 67)
(152, 65)
(153, 67)
(154, 65)
(155, 70)
(156, 68)
(157, 69)
(158, 66)
(159, 66)
(160, 70)
(161, 70)
(162, 67)
(163, 64)
(164, 66)
(165, 67)
(166, 68)
(167, 66)
(168, 67)
(169, 69)
(170, 71)
(171, 69)
(172, 69)
(173, 67)
(174, 66)
(175, 67)
(176, 64)
(177, 64)
(178, 65)
(179, 68)
(180, 69)
(181, 67)
(182, 68)
(183, 69)
(184, 67)
(185, 66)
(186, 65)
(187, 65)
(188, 66)
(189, 64)
(190, 64)
(191, 65)
(192, 68)
(193, 69)
(194, 65)
(195, 66)
(196, 68)
(197, 69)
(198, 66)
(199, 70)
(200, 64)
(201, 68)
(202, 69)
(203, 68)
(204, 67)
(205, 65)
(206, 70)
(207, 68)
(208, 67)
(209, 68)
(210, 68)
(211, 68)
(212, 70)
(213, 71)
(214, 70)
(215, 67)
(216, 65)
(217, 65)
(218, 67)
(219, 65)
(220, 66)
(221, 64)
(222, 67)
(223, 69)
(224, 67)
(225, 68)
(226, 68)
(227, 72)
(228, 68)
(229, 67)
(230, 65)
(231, 67)
(232, 66)
(233, 67)
(234, 68)
(235, 66)
(236, 67)
(237, 66)
(238, 70)
(239, 70)
(240, 65)
(241, 66)
(242, 66)
(243, 67)
(244, 67)
(245, 67)
(246, 64)
(247, 65)
(248, 64)
(249, 68)
(250, 69)
(251, 68)
(252, 67)
(253, 69)
(254, 64)
(255, 69)
(256, 69)
(257, 67)
(258, 66)
(259, 70)
(260, 66)
(261, 67)
(262, 67)
(263, 71)
(264, 70)
(265, 69)
(266, 69)
(267, 65)
(268, 67)
(269, 66)
(270, 67)
(271, 66)
(272, 67)
(273, 69)
(274, 68)
(275, 68)
(276, 67)
(277, 69)
(278, 68)
(279, 67)
(280, 67)
(281, 68)
(282, 71)
(283, 69)
(284, 67)
(285, 66)
(286, 64)
(287, 70)
(288, 66)
(289, 63)
(290, 64)
(291, 69)
(292, 69)
(293, 66)
(294, 64)
(295, 65)
(296, 65)
(297, 66)
(298, 65)
(299, 66)
(300, 66)
(301, 66)
(302, 64)
(303, 70)
(304, 68)
(305, 68)
(306, 70)
(307, 68)
(308, 66)
(309, 66)
(310, 70)
(311, 67)
(312, 65)
(313, 66)
(314, 64)
(315, 65)
(316, 65)
(317, 67)
(318, 66)
(319, 69)
(320, 67)
(321, 65)
(322, 69)
(323, 68)
(324, 63)
(325, 65)
(326, 68)
(327, 67)
(328, 66)
(329, 67)
(330, 65)
(331, 67)
(332, 66)
(333, 66)
(334, 68)
(335, 68)
(336, 67)
(337, 66)
(338, 65)
(339, 64)
(340, 67)
(341, 71)
(342, 64)
(343, 65)
(344, 66)
(345, 68)
(346, 70)
(347, 68)
(348, 67)
(349, 64)
(350, 67)
(351, 67)
(352, 68)
(353, 66)
(354, 66)
(355, 68)
(356, 69)
(357, 72)
(358, 67)
(359, 67)
(360, 66)
(361, 66)
(362, 65)
(363, 66)
(364, 69)
(365, 67)
(366, 67)
(367, 65)
(368, 65)
(369, 67)
(370, 65)
(371, 66)
(372, 69)
(373, 69)
(374, 65)
(375, 64)
(376, 68)
(377, 68)
(378, 67)
(379, 66)
(380, 68)
(381, 66)
(382, 67)
(383, 65)
(384, 66)
(385, 70)
(386, 71)
(387, 70)
(388, 67)
(389, 69)
(390, 68)
(391, 69)
(392, 70)
(393, 69)
(394, 70)
(395, 67)
(396, 67)
(397, 66)
(398, 67)
(399, 67)
(400, 67)
(401, 70)
(402, 70)
(403, 66)
(404, 68)
(405, 66)
(406, 69)
(407, 67)
(408, 67)
(409, 67)
(410, 68)
(411, 68)
(412, 67)
(413, 67)
(414, 68)
(415, 68)
(416, 64)
(417, 67)
(418, 67)
(419, 66)
(420, 69)
(421, 71)
(422, 68)
(423, 71)
(424, 70)
(425, 66)
(426, 69)
(427, 66)
(428, 65)
(429, 70)
(430, 64)
(431, 66)
(432, 69)
(433, 67)
(434, 67)
(435, 68)
(436, 66)
(437, 65)
(438, 69)
(439, 71)
(440, 69)
(441, 70)
(442, 66)
(443, 64)
(444, 65)
(445, 65)
(446, 64)
(447, 66)
(448, 64)
(449, 64)
(450, 65)
(451, 66)
(452, 66)
(453, 68)
(454, 64)
(455, 68)
(456, 65)
(457, 64)
(458, 64)
(459, 65)
(460, 63)
(461, 65)
(462, 66)
(463, 72)
(464, 68)
(465, 66)
(466, 67)
(467, 68)
(468, 69)
(469, 64)
(470, 67)
(471, 69)
(472, 67)
(473, 65)
(474, 69)
(475, 65)
(476, 64)
(477, 65)
(478, 65)
(479, 67)
(480, 67)
(481, 68)
(482, 72)
(483, 71)
(484, 65)
(485, 69)
(486, 70)
(487, 69)
(488, 68)
(489, 68)
(490, 66)
(491, 67)
(492, 66)
(493, 69)
(494, 68)
(495, 67)
(496, 64)
(497, 63)
(498, 67)
(499, 67)
(500, 67)
(501, 66)
(502, 70)
(503, 69)
(504, 71)
(505, 69)
(506, 69)
(507, 68)
(508, 69)
(509, 65)
(510, 66)
(511, 71)
(512, 64)
(513, 65)
(514, 69)
(515, 66)
(516, 71)
(517, 70)
(518, 69)
(519, 67)
(520, 69)
(521, 67)
(522, 66)
(523, 67)
(524, 67)
(525, 69)
(526, 67)
(527, 69)
(528, 67)
(529, 70)
(530, 68)
(531, 68)
(532, 68)
(533, 68)
(534, 66)
(535, 67)
(536, 68)
(537, 68)
(538, 64)
(539, 69)
(540, 65)
(541, 65)
(542, 68)
(543, 67)
(544, 64)
(545, 65)
(546, 68)
(547, 67)
(548, 67)
(549, 64)
(550, 66)
(551, 66)
(552, 67)
(553, 64)
(554, 68)
(555, 67)
(556, 67)
(557, 68)
(558, 68)
(559, 70)
(560, 70)
(561, 68)
(562, 66)
(563, 68)
(564, 64)
(565, 72)
(566, 65)
(567, 69)
(568, 67)
(569, 69)
(570, 64)
(571, 63)
(572, 71)
(573, 66)
(574, 67)
(575, 66)
(576, 65)
(577, 67)
(578, 65)
(579, 67)
(580, 68)
(581, 69)
(582, 64)
(583, 65)
(584, 65)
(585, 66)
(586, 67)
(587, 66)
(588, 68)
(589, 67)
(590, 69)
(591, 67)
(592, 67)
(593, 65)
(594, 63)
(595, 64)
(596, 67)
(597, 63)
(598, 65)
(599, 63)
(600, 64)
(601, 64)
(602, 68)
(603, 68)
(604, 66)
(605, 67)
(606, 70)
(607, 67)
(608, 67)
(609, 68)
(610, 67)
(611, 66)
(612, 67)
(613, 66)
(614, 67)
(615, 65)
(616, 65)
(617, 64)
(618, 63)
(619, 64)
(620, 66)
(621, 66)
(622, 66)
(623, 64)
(624, 64)
(625, 62)
(626, 65)
(627, 68)
(628, 65)
(629, 69)
(630, 65)
(631, 69)
(632, 70)
(633, 70)
(634, 66)
(635, 68)
(636, 70)
(637, 68)
(638, 70)
(639, 66)
(640, 66)
(641, 67)
(642, 71)
(643, 68)
(644, 67)
(645, 67)
(646, 70)
(647, 65)
(648, 68)
(649, 68)
(650, 66)
(651, 65)
(652, 66)
(653, 65)
(654, 67)
(655, 69)
(656, 71)
(657, 69)
(658, 68)
(659, 65)
(660, 68)
(661, 69)
(662, 65)
(663, 66)
(664, 67)
(665, 66)
(666, 67)
(667, 64)
(668, 65)
(669, 67)
(670, 68)
(671, 68)
(672, 66)
(673, 68)
(674, 66)
(675, 69)
(676, 68)
(677, 69)
(678, 65)
(679, 65)
(680, 65)
(681, 65)
(682, 65)
(683, 67)
(684, 68)
(685, 66)
(686, 69)
(687, 69)
(688, 65)
(689, 68)
(690, 66)
(691, 66)
(692, 66)
(693, 69)
(694, 65)
(695, 65)
(696, 64)
(697, 66)
(698, 70)
(699, 71)
(700, 70)
(701, 65)
(702, 67)
(703, 65)
(704, 66)
(705, 63)
(706, 64)
(707, 63)
(708, 67)
(709, 66)
(710, 67)
(711, 68)
(712, 66)
(713, 66)
(714, 65)
(715, 67)
(716, 68)
(717, 69)
(718, 66)
(719, 67)
(720, 67)
(721, 64)
(722, 67)
(723, 71)
(724, 64)
(725, 64)
(726, 65)
(727, 67)
(728, 66)
(729, 66)
(730, 65)
(731, 64)
(732, 66)
(733, 67)
(734, 66)
(735, 64)
(736, 67)
(737, 66)
(738, 66)
(739, 71)
(740, 67)
(741, 64)
(742, 65)
(743, 68)
(744, 67)
(745, 68)
(746, 68)
(747, 67)
(748, 66)
(749, 68)
(750, 67)
(751, 68)
(752, 68)
(753, 65)
(754, 67)
(755, 67)
(756, 69)
(757, 68)
(758, 69)
(759, 66)
(760, 67)
(761, 66)
(762, 67)
(763, 66)
(764, 69)
(765, 72)
(766, 68)
(767, 70)
(768, 70)
(769, 69)
(770, 70)
(771, 72)
(772, 69)
(773, 69)
(774, 65)
(775, 66)
(776, 66)
(777, 65)
(778, 65)
(779, 64)
(780, 66)
(781, 68)
(782, 68)
(783, 66)
(784, 67)
#GA RELOADED 2.0.1A RELOADED GRAPH OPENED Time: 19:32:56 Date: 02/08/20 BestPerTick.txt#
#GENETICAL ALGORITHM STANDART FUNCTION#
(1, 15)
(2, 16)
(3, 17)
(4, 18)
(5, 19)
(6, 18)
(7, 18)
(8, 18)
(9, 19)
(10, 19)
(11, 19)
(12, 20)
(13, 20)
(14, 20)
(15, 20)
(16, 20)
(17, 19)
(18, 20)
(19, 20)
(20, 20)
(21, 20)
(22, 20)
(23, 20)
(24, 20)
(25, 20)
(26, 20)
(27, 20)
(28, 20)
(29, 20)
(30, 20)
(31, 20)
(32, 20)
(33, 20)
(34, 20)
(35, 20)
(36, 20)
(37, 20)
(38, 20)
(39, 20)
(40, 20)
(41, 20)
(42, 20)
(43, 20)
(44, 20)
(45, 20)
(46, 20)
(47, 20)
(48, 20)
(49, 20)
(50, 20)
(51, 20)
(52, 20)
(53, 20)
(54, 20)
(55, 20)
(56, 20)
(57, 20)
(58, 20)
(59, 20)
(60, 20)
(61, 20)
(62, 20)
(63, 20)
(64, 20)
(65, 20)
(66, 20)
(67, 20)
(68, 20)
(69, 20)
(70, 20)
(71, 20)
(72, 20)
(73, 20)
(74, 20)
(75, 20)
(76, 20)
(77, 20)
(78, 20)
(79, 20)
(80, 20)
(81, 20)
(82, 20)
(83, 20)
(84, 20)
(85, 20)
(86, 20)
(87, 20)
(88, 20)
(89, 20)
(90, 20)
(91, 20)
(92, 20)
(93, 20)
(94, 20)
(95, 20)
(96, 20)
(97, 20)
(98, 20)
(99, 20)
(100, 20)