
#GA RELOADED 2.0.1A RELOADED GRAPH OPENED Time: 17:53:54 Date: 02/08/20 LowPerTick.txt#
#GENETICAL ALGORITHM STANDART FUNCTION#
(1, 40)
(2, 44)
(3, 48)
(4, 47)
(5, 52)
(6, 50)
(7, 52)
(8, 54)
(9, 58)
(10, 57)
(11, 57)
(12, 56)
(13, 59)
(14, 61)
(15, 62)
(16, 61)
(17, 62)
(18, 64)
(19, 65)
(20, 63)
(21, 66)
(22, 66)
(23, 66)
(24, 67)
(25, 65)
(26, 65)
(27, 69)
(28, 69)
(29, 69)
(30, 69)
(31, 69)
(32, 69)
(33, 70)
(34, 71)
(35, 70)
(36, 69)
(37, 69)
(38, 69)
(39, 68)
(40, 71)
(41, 71)
(42, 69)
(43, 68)
(44, 70)
(45, 66)
(46, 70)
(47, 68)
(48, 68)
(49, 70)
(50, 70)
(51, 67)
(52, 71)
(53, 71)
(54, 70)
(55, 72)
(56, 73)
(57, 71)
(58, 70)
(59, 71)
(60, 70)
(61, 70)
(62, 69)
(63, 70)
(64, 69)
(65, 69)
(66, 69)
(67, 70)
(68, 70)
(69, 64)
(70, 70)
(71, 67)
(72, 71)
(73, 71)
(74, 72)
(75, 71)
(76, 71)
(77, 69)
(78, 71)
(79, 70)
(80, 70)
(81, 71)
(82, 74)
(83, 72)
(84, 70)
(85, 68)
(86, 70)
(87, 71)
(88, 71)
(89, 70)
(90, 71)
(91, 70)
(92, 68)
(93, 69)
(94, 70)
(95, 69)
(96, 70)
(97, 69)
(98, 69)
(99, 71)
(100, 72)
(101, 71)
(102, 70)
(103, 70)
(104, 70)
(105, 70)
(106, 71)
(107, 69)
(108, 71)
(109, 69)
(110, 68)
(111, 70)
(112, 70)
(113, 71)
(114, 69)
(115, 71)
(116, 70)
(117, 70)
(118, 68)
(119, 70)
(120, 69)
(121, 70)
(122, 70)
(123, 69)
(124, 71)
(125, 64)
(126, 69)
(127, 72)
(128, 71)
(129, 70)
(130, 69)
(131, 71)
(132, 70)
(133, 70)
(134, 63)
(135, 72)
(136, 68)
(137, 71)
(138, 69)
(139, 69)
(140, 69)
(141, 68)
(142, 68)
(143, 68)
(144, 69)
(145, 68)
(146, 66)
(147, 68)
(148, 70)
(149, 71)
(150, 67)
(151, 70)
(152, 71)
(153, 70)
(154, 69)
(155, 67)
(156, 66)
(157, 68)
(158, 67)
(159, 69)
(160, 68)
(161, 69)
(162, 69)
(163, 69)
(164, 67)
(165, 68)
(166, 69)
(167, 69)
(168, 69)
(169, 70)
(170, 71)
(171, 71)
(172, 70)
(173, 71)
(174, 69)
(175, 74)
(176, 72)
(177, 71)
(178, 66)
(179, 71)
(180, 69)
(181, 73)
(182, 73)
(183, 72)
(184, 73)
(185, 72)
(186, 73)
(187, 70)
(188, 73)
(189, 72)
(190, 69)
(191, 69)
(192, 72)
(193, 71)
(194, 70)
(195, 70)
(196, 71)
(197, 71)
(198, 70)
(199, 70)
(200, 68)
(201, 69)
(202, 70)
(203, 70)
(204, 68)
(205, 69)
(206, 70)
(207, 68)
(208, 66)
(209, 67)
(210, 68)
(211, 65)
(212, 69)
(213, 69)
(214, 70)
(215, 69)
(216, 69)
(217, 71)
(218, 73)
(219, 72)
(220, 71)
(221, 72)
(222, 73)
(223, 72)
(224, 71)
(225, 68)
(226, 72)
(227, 70)
(228, 72)
(229, 73)
(230, 72)
(231, 68)
(232, 71)
(233, 72)
(234, 71)
(235, 69)
(236, 69)
(237, 69)
(238, 70)
(239, 69)
(240, 70)
(241, 69)
(242, 70)
(243, 70)
(244, 71)
(245, 70)
(246, 69)
(247, 72)
(248, 69)
(249, 73)
(250, 71)
(251, 71)
(252, 72)
(253, 73)
(254, 71)
(255, 73)
(256, 71)
(257, 70)
(258, 68)
(259, 72)
(260, 70)
(261, 71)
(262, 70)
(263, 72)
(264, 71)
(265, 72)
(266, 71)
(267, 71)
(268, 72)
(269, 72)
(270, 70)
(271, 69)
(272, 71)
(273, 72)
(274, 70)
(275, 69)
(276, 68)
(277, 70)
(278, 71)
(279, 67)
(280, 73)
(281, 70)
(282, 69)
(283, 69)
(284, 69)
(285, 70)
(286, 71)
(287, 70)
(288, 72)
(289, 69)
(290, 70)
(291, 71)
(292, 71)
(293, 67)
(294, 72)
(295, 71)
(296, 69)
(297, 70)
(298, 70)
(299, 72)
(300, 69)
(301, 70)
(302, 69)
(303, 69)
(304, 71)
(305, 68)
(306, 72)
(307, 71)
(308, 71)
(309, 70)
(310, 70)
(311, 72)
(312, 70)
(313, 70)
(314, 74)
(315, 71)
(316, 72)
(317, 70)
(318, 70)
(319, 69)
(320, 69)
(321, 71)
(322, 70)
(323, 69)
(324, 72)
(325, 69)
(326, 70)
(327, 69)
(328, 70)
(329, 71)
(330, 70)
(331, 70)
(332, 72)
(333, 71)
(334, 70)
(335, 72)
(336, 70)
(337, 69)
(338, 70)
(339, 71)
(340, 70)
(341, 70)
(342, 69)
(343, 70)
(344, 67)
(345, 68)
(346, 71)
(347, 70)
(348, 69)
(349, 65)
(350, 66)
(351, 70)
(352, 71)
(353, 67)
(354, 69)
(355, 71)
(356, 69)
(357, 70)
(358, 69)
(359, 69)
(360, 69)
(361, 71)
(362, 70)
(363, 70)
(364, 71)
(365, 70)
(366, 71)
(367, 71)
(368, 71)
(369, 67)
(370, 70)
(371, 71)
(372, 71)
(373, 70)
(374, 72)
(375, 69)
(376, 70)
(377, 70)
(378, 70)
(379, 70)
(380, 70)
(381, 71)
(382, 71)
(383, 70)
(384, 68)
(385, 71)
(386, 72)
(387, 70)
(388, 72)
(389, 70)
(390, 72)
(391, 72)
(392, 71)
(393, 70)
(394, 69)
(395, 72)
(396, 69)
(397, 68)
(398, 71)
(399, 73)
(400, 70)
(401, 71)
(402, 71)
(403, 71)
(404, 69)
(405, 72)
(406, 71)
(407, 70)
(408, 67)
(409, 72)
(410, 68)
(411, 70)
(412, 70)
(413, 70)
(414, 71)
(415, 70)
(416, 69)
(417, 70)
(418, 71)
(419, 72)
(420, 71)
(421, 69)
(422, 69)
(423, 68)
(424, 66)
(425, 69)
(426, 69)
(427, 71)
(428, 70)
(429, 70)
(430, 70)
(431, 70)
(432, 71)
(433, 72)
(434, 69)
(435, 69)
(436, 70)
(437, 69)
(438, 69)
(439, 68)
(440, 69)
(441, 66)
(442, 69)
(443, 69)
(444, 70)
(445, 71)
(446, 68)
(447, 69)
(448, 71)
(449, 70)
(450, 72)
(451, 68)
(452, 70)
(453, 70)
(454, 67)
(455, 72)
(456, 71)
(457, 70)
(458, 72)
(459, 71)
(460, 71)
(461, 69)
(462, 72)
(463, 71)
(464, 71)
(465, 70)
(466, 70)
(467, 72)
(468, 71)
(469, 70)
(470, 68)
(471, 68)
(472, 67)
(473, 68)
(474, 70)
(475, 70)
(476, 69)
(477, 70)
(478, 69)
(479, 70)
(480, 67)
(481, 70)
(482, 70)
(483, 70)
(484, 71)
(485, 70)
(486, 71)
(487, 71)
(488, 70)
(489, 71)
(490, 69)
(491, 69)
(492, 67)
(493, 71)
(494, 71)
(495, 71)
(496, 71)
(497, 68)
(498, 72)
(499, 70)
(500, 69)
(501, 71)
(502, 71)
(503, 70)
(504, 69)
(505, 70)
(506, 70)
(507, 70)
(508, 68)
(509, 67)
(510, 69)
(511, 68)
(512, 63)
(513, 70)
(514, 70)
(515, 66)
(516, 72)
(517, 67)
(518, 70)
(519, 69)
(520, 69)
(521, 70)
(522, 68)
(523, 69)
(524, 70)
(525, 70)
(526, 72)
(527, 68)
(528, 69)
(529, 70)
(530, 70)
(531, 72)
(532, 71)
(533, 71)
(534, 73)
(535, 74)
(536, 71)
(537, 73)
(538, 72)
(539, 70)
(540, 73)
(541, 71)
(542, 68)
(543, 68)
(544, 71)
(545, 72)
(546, 70)
(547, 70)
(548, 69)
(549, 69)
(550, 70)
(551, 66)
(552, 73)
(553, 72)
(554, 70)
(555, 67)
(556, 70)
(557, 70)
(558, 62)
(559, 72)
(560, 71)
(561, 69)
(562, 72)
(563, 70)
(564, 71)
(565, 72)
(566, 69)
(567, 70)
(568, 69)
(569, 70)
(570, 69)
(571, 68)
(572, 70)
(573, 70)
(574, 71)
(575, 72)
(576, 69)
(577, 73)
(578, 71)
(579, 74)
(580, 71)
(581, 71)
(582, 71)
(583, 71)
(584, 71)
(585, 69)
(586, 72)
(587, 71)
(588, 70)
(589, 71)
(590, 68)
(591, 70)
(592, 68)
(593, 71)
(594, 70)
(595, 70)
(596, 72)
(597, 71)
(598, 68)
(599, 70)
(600, 70)
(601, 72)
(602, 69)
(603, 69)
(604, 68)
(605, 68)
(606, 69)
(607, 71)
(608, 67)
(609, 71)
(610, 72)
(611, 71)
(612, 73)
(613, 70)
(614, 70)
(615, 71)
(616, 71)
(617, 70)
(618, 67)
(619, 73)
(620, 71)
(621, 72)
(622, 71)
(623, 72)
(624, 68)
(625, 71)
(626, 70)
(627, 71)
(628, 72)
(629, 72)
(630, 73)
(631, 71)
(632, 73)
(633, 71)
(634, 69)
(635, 71)
(636, 68)
(637, 71)
(638, 71)
(639, 70)
(640, 72)
(641, 71)
(642, 69)
(643, 67)
(644, 70)
(645, 72)
(646, 71)
(647, 69)
(648, 70)
(649, 68)
(650, 69)
(651, 68)
(652, 68)
(653, 71)
(654, 69)
(655, 68)
(656, 68)
(657, 68)
(658, 70)
(659, 70)
(660, 70)
(661, 67)
(662, 66)
(663, 61)
(664, 69)
(665, 68)
(666, 70)
(667, 70)
(668, 69)
(669, 72)
(670, 70)
(671, 70)
(672, 71)
(673, 69)
(674, 67)
(675, 70)
(676, 69)
(677, 68)
(678, 72)
(679, 70)
(680, 70)
(681, 70)
(682, 72)
(683, 70)
(684, 70)
(685, 71)
(686, 70)
(687, 69)
(688, 71)
(689, 68)
(690, 69)
(691, 69)
(692, 69)
(693, 72)
(694, 72)
(695, 72)
(696, 69)
(697, 71)
(698, 69)
(699, 71)
(700, 68)
(701, 67)
(702, 70)
(703, 72)
(704, 70)
(705, 70)
(706, 70)
(707, 67)
(708, 71)
(709, 70)
(710, 71)
(711, 70)
(712, 69)
(713, 70)
(714, 71)
(715, 67)
(716, 69)
(717, 70)
(718, 68)
(719, 69)
(720, 68)
(721, 69)
(722, 68)
(723, 69)
(724, 69)
(725, 70)
(726, 71)
(727, 70)
(728, 73)
(729, 73)
(730, 70)
(731, 73)
(732, 71)
(733, 72)
(734, 70)
(735, 71)
(736, 71)
(737, 72)
(738, 69)
(739, 69)
(740, 69)
(741, 71)
(742, 71)
(743, 71)
(744, 71)
(745, 68)
(746, 70)
(747, 72)
(748, 70)
(749, 71)
(750, 70)
(751, 70)
(752, 71)
(753, 71)
(754, 69)
(755, 70)
(756, 70)
(757, 71)
(758, 71)
(759, 69)
(760, 68)
(761, 69)
(762, 68)
(763, 70)
(764, 68)
(765, 69)
(766, 68)
(767, 70)
(768, 67)
(769, 69)
(770, 69)
(771, 70)
(772, 72)
(773, 70)
(774, 68)
(775, 72)
(776, 70)
(777, 70)
(778, 70)
(779, 70)
(780, 70)
(781, 70)
(782, 70)
(783, 68)
(784, 67)
(785, 69)
(786, 69)
(787, 70)
(788, 68)
(789, 69)
(790, 67)
(791, 72)
(792, 69)
(793, 66)
(794, 70)
(795, 69)
(796, 70)
(797, 70)
(798, 69)
(799, 71)
(800, 68)
(801, 69)
(802, 69)
(803, 69)
(804, 70)
(805, 68)
(806, 71)
(807, 71)
(808, 68)
(809, 69)
(810, 68)
(811, 70)
(812, 68)
(813, 67)
(814, 67)
(815, 68)
(816, 71)
(817, 70)
(818, 71)
(819, 68)
(820, 73)
(821, 70)
(822, 69)
(823, 70)
(824, 72)
(825, 71)
(826, 71)
(827, 70)
(828, 71)
(829, 72)
(830, 71)
(831, 72)
(832, 72)
(833, 73)
(834, 71)
(835, 70)
(836, 69)
(837, 71)
(838, 69)
(839, 68)
(840, 71)
(841, 69)
(842, 72)
(843, 72)
(844, 73)
(845, 72)
(846, 72)
(847, 72)
(848, 71)
(849, 71)
(850, 72)
(851, 71)
(852, 73)
(853, 72)
(854, 73)
(855, 71)
(856, 71)
(857, 71)
(858, 71)
(859, 72)
(860, 71)
(861, 69)
(862, 70)
(863, 71)
(864, 69)
(865, 70)
(866, 67)
(867, 70)
(868, 68)
(869, 71)
(870, 71)
(871, 68)
(872, 70)
(873, 68)
(874, 71)
(875, 70)
(876, 70)
(877, 72)
(878, 70)
(879, 68)
(880, 69)
(881, 69)
(882, 69)
(883, 71)
(884, 71)
(885, 68)
(886, 71)
(887, 71)
(888, 71)
(889, 70)
(890, 69)
(891, 70)
(892, 68)
(893, 69)
(894, 62)
(895, 70)
(896, 70)
(897, 68)
(898, 70)
(899, 69)
(900, 70)
(901, 68)
(902, 69)
(903, 70)
(904, 68)
(905, 70)
(906, 69)
(907, 70)
(908, 70)
(909, 71)
(910, 70)
(911, 67)
(912, 70)
(913, 69)
(914, 68)
(915, 68)
(916, 69)
(917, 69)
(918, 70)
(919, 68)
(920, 69)
(921, 68)
(922, 71)
(923, 68)
(924, 70)
(925, 70)
(926, 67)
(927, 68)
(928, 71)
(929, 70)
(930, 71)
(931, 69)
(932, 69)
(933, 69)
(934, 70)
(935, 70)
(936, 70)
(937, 70)
(938, 69)
(939, 69)
(940, 71)
(941, 70)
(942, 69)
(943, 68)
(944, 69)
(945, 71)
(946, 68)
(947, 69)
(948, 71)
(949, 71)
(950, 71)
(951, 72)
(952, 68)
(953, 71)
(954, 68)
(955, 67)
(956, 68)
(957, 70)
(958, 71)
(959, 71)
(960, 71)
(961, 70)
(962, 70)
(963, 68)
(964, 72)
(965, 69)
(966, 70)
(967, 70)
(968, 70)
(969, 69)
(970, 68)
(971, 70)
(972, 68)
(973, 68)
(974, 67)
(975, 69)
(976, 69)
(977, 67)
(978, 68)
(979, 70)
(980, 66)
(981, 71)
(982, 69)
(983, 65)
(984, 67)
(985, 69)
(986, 70)
(987, 68)
(988, 69)
(989, 69)
(990, 70)
(991, 70)
(992, 68)
(993, 72)
(994, 71)
(995, 68)
(996, 70)
(997, 69)
(998, 68)
(999, 72)
(1000, 71)
(1001, 70)
(1002, 70)
(1003, 68)
(1004, 70)
(1005, 69)
(1006, 73)
(1007, 71)
(1008, 71)
(1009, 69)
(1010, 69)
(1011, 70)
(1012, 72)
(1013, 69)
(1014, 70)
(1015, 72)
(1016, 70)
(1017, 70)
(1018, 71)
(1019, 69)
(1020, 69)
(1021, 70)
(1022, 69)
(1023, 67)
(1024, 69)
(1025, 69)
(1026, 66)
(1027, 68)
(1028, 70)
(1029, 73)
(1030, 72)
(1031, 71)
(1032, 69)
(1033, 72)
(1034, 69)
(1035, 68)
(1036, 69)
(1037, 71)
(1038, 70)
(1039, 70)
(1040, 69)
(1041, 68)
(1042, 71)
(1043, 70)
(1044, 73)
(1045, 72)
(1046, 70)
(1047, 72)
(1048, 71)
(1049, 72)
(1050, 73)
(1051, 72)
(1052, 71)
(1053, 69)
(1054, 68)
(1055, 69)
(1056, 72)
(1057, 71)
(1058, 69)
(1059, 72)
(1060, 70)
(1061, 71)
(1062, 72)
(1063, 70)
(1064, 71)
(1065, 72)
(1066, 73)
(1067, 71)
(1068, 73)
(1069, 68)
(1070, 68)
(1071, 70)
(1072, 68)
(1073, 71)
(1074, 69)
(1075, 64)
(1076, 63)
(1077, 72)
(1078, 71)
(1079, 70)
(1080, 70)
(1081, 70)
(1082, 68)
(1083, 70)
(1084, 70)
(1085, 70)
(1086, 66)
(1087, 65)
(1088, 68)
(1089, 69)
(1090, 69)
(1091, 69)
(1092, 68)
(1093, 70)
(1094, 67)
(1095, 70)
(1096, 71)
(1097, 70)
(1098, 71)
(1099, 72)
(1100, 71)
(1101, 72)
(1102, 71)
(1103, 71)
(1104, 72)
(1105, 71)
(1106, 70)
(1107, 72)
(1108, 72)
(1109, 72)
(1110, 71)
(1111, 70)
(1112, 69)
(1113, 73)
(1114, 71)
(1115, 73)
(1116, 71)
(1117, 71)
(1118, 70)
(1119, 72)
(1120, 71)
(1121, 70)
(1122, 69)
(1123, 69)
(1124, 67)
(1125, 69)
(1126, 69)
(1127, 70)
(1128, 71)
(1129, 71)
(1130, 70)
(1131, 68)
(1132, 73)
(1133, 71)
(1134, 70)
(1135, 70)
(1136, 72)
(1137, 67)
(1138, 68)
(1139, 69)
(1140, 67)
(1141, 71)
(1142, 72)
(1143, 71)
(1144, 72)
(1145, 70)
(1146, 68)
(1147, 69)
(1148, 70)
(1149, 68)
(1150, 67)
(1151, 70)
(1152, 70)
(1153, 72)
(1154, 71)
(1155, 70)
(1156, 69)
(1157, 71)
(1158, 71)
(1159, 71)
(1160, 68)
(1161, 67)
(1162, 65)
(1163, 70)
(1164, 69)
(1165, 71)
(1166, 70)
(1167, 71)
(1168, 71)
(1169, 71)
(1170, 71)
(1171, 70)
(1172, 70)
(1173, 71)
(1174, 70)
(1175, 71)
(1176, 72)
(1177, 72)
(1178, 71)
(1179, 72)
(1180, 65)
(1181, 70)
(1182, 68)
(1183, 71)
(1184, 70)
(1185, 70)
(1186, 71)
(1187, 70)
(1188, 71)
(1189, 72)
(1190, 68)
(1191, 68)
(1192, 71)
(1193, 67)
(1194, 69)
(1195, 67)
(1196, 69)
(1197, 68)
(1198, 70)
(1199, 69)
(1200, 68)
(1201, 68)
(1202, 69)
(1203, 66)
(1204, 66)
(1205, 69)
(1206, 67)
(1207, 69)
(1208, 69)
(1209, 66)
(1210, 67)
(1211, 66)
(1212, 69)
(1213, 69)
(1214, 64)
(1215, 67)
(1216, 67)
(1217, 68)
(1218, 69)
(1219, 69)
(1220, 66)
(1221, 67)
(1222, 68)
(1223, 69)
(1224, 68)
(1225, 69)
(1226, 69)
(1227, 69)
(1228, 70)
(1229, 69)
(1230, 71)
(1231, 71)
(1232, 68)
(1233, 71)
(1234, 70)
(1235, 70)
(1236, 70)
(1237, 70)
(1238, 69)
(1239, 70)
(1240, 71)
(1241, 71)
(1242, 71)
(1243, 70)
(1244, 71)
(1245, 71)
(1246, 71)
(1247, 72)
(1248, 72)
(1249, 68)
(1250, 73)
(1251, 73)
(1252, 73)
(1253, 72)
(1254, 72)
(1255, 72)
(1256, 72)
(1257, 70)
(1258, 71)
(1259, 69)
(1260, 72)
(1261, 72)
(1262, 70)
(1263, 69)
(1264, 69)
(1265, 68)
(1266, 71)
(1267, 71)
(1268, 72)
(1269, 72)
(1270, 72)
(1271, 69)
(1272, 70)
(1273, 74)
(1274, 71)
(1275, 70)
(1276, 67)
(1277, 68)
(1278, 68)
(1279, 69)
(1280, 70)
(1281, 67)
(1282, 70)
(1283, 66)
(1284, 71)
(1285, 70)
(1286, 71)
(1287, 71)
(1288, 69)
(1289, 70)
(1290, 72)
(1291, 69)
(1292, 71)
(1293, 70)
(1294, 71)
(1295, 70)
(1296, 70)
(1297, 70)
(1298, 72)
(1299, 69)
(1300, 69)
(1301, 72)
(1302, 71)
(1303, 68)
(1304, 72)
(1305, 71)
(1306, 70)
(1307, 70)
(1308, 70)
(1309, 69)
(1310, 70)
(1311, 71)
(1312, 72)
(1313, 70)
(1314, 66)
(1315, 68)
(1316, 67)
(1317, 70)
(1318, 70)
(1319, 70)
(1320, 68)
(1321, 69)
(1322, 71)
(1323, 69)
(1324, 71)
(1325, 69)
(1326, 71)
(1327, 67)
(1328, 69)
(1329, 70)
(1330, 68)
(1331, 71)
(1332, 70)
(1333, 72)
(1334, 68)
(1335, 67)
(1336, 70)
(1337, 71)
(1338, 70)
(1339, 68)
(1340, 71)
(1341, 69)
(1342, 70)
(1343, 69)
(1344, 71)
(1345, 69)
(1346, 71)
(1347, 67)
(1348, 71)
(1349, 68)
(1350, 70)
(1351, 66)
(1352, 69)
(1353, 71)
(1354, 69)
(1355, 70)
(1356, 71)
(1357, 69)
(1358, 68)
(1359, 68)
(1360, 71)
(1361, 66)
(1362, 70)
(1363, 70)
(1364, 70)
(1365, 69)
(1366, 70)
(1367, 71)
(1368, 70)
(1369, 73)
(1370, 71)
(1371, 71)
(1372, 71)
(1373, 72)
(1374, 72)
(1375, 70)
(1376, 72)
(1377, 72)
(1378, 73)
(1379, 70)
(1380, 71)
(1381, 71)
(1382, 71)
(1383, 70)
(1384, 68)
(1385, 71)
(1386, 70)
(1387, 71)
(1388, 68)
(1389, 69)
(1390, 70)
(1391, 71)
(1392, 68)
(1393, 71)
(1394, 65)
(1395, 69)
(1396, 69)
(1397, 70)
(1398, 71)
(1399, 73)
(1400, 71)
(1401, 73)
(1402, 73)
(1403, 72)
(1404, 72)
(1405, 68)
(1406, 72)
(1407, 70)
(1408, 68)
(1409, 70)
(1410, 70)
(1411, 70)
(1412, 71)
(1413, 72)
(1414, 68)
(1415, 68)
(1416, 69)
(1417, 71)
(1418, 71)
(1419, 68)
(1420, 69)
(1421, 69)
(1422, 72)
(1423, 71)
(1424, 70)
(1425, 70)
(1426, 71)
(1427, 70)
(1428, 68)
(1429, 70)
(1430, 70)
(1431, 67)
(1432, 70)
(1433, 68)
(1434, 68)
(1435, 67)
(1436, 68)
(1437, 67)
(1438, 67)
(1439, 69)
(1440, 69)
(1441, 70)
(1442, 68)
(1443, 69)
(1444, 69)
(1445, 70)
(1446, 67)
(1447, 68)
(1448, 69)
(1449, 70)
(1450, 70)
(1451, 65)
(1452, 70)
(1453, 66)
(1454, 64)
(1455, 71)
(1456, 70)
(1457, 67)
(1458, 69)
(1459, 70)
(1460, 70)
(1461, 71)
(1462, 70)
(1463, 70)
(1464, 70)
(1465, 68)
(1466, 72)
(1467, 73)
(1468, 70)
(1469, 71)
(1470, 70)
(1471, 68)
(1472, 70)
(1473, 69)
(1474, 68)
(1475, 70)
(1476, 70)
(1477, 71)
(1478, 71)
(1479, 69)
(1480, 70)
(1481, 71)
(1482, 71)
(1483, 70)
(1484, 69)
(1485, 69)
(1486, 69)
(1487, 71)
(1488, 68)
(1489, 71)
(1490, 68)
(1491, 71)
(1492, 68)
(1493, 70)
(1494, 69)
(1495, 70)
(1496, 68)
(1497, 66)
(1498, 69)
(1499, 69)
(1500, 69)
(1501, 70)
(1502, 69)
(1503, 68)
(1504, 69)
(1505, 70)
(1506, 71)
(1507, 70)
(1508, 68)
(1509, 68)
(1510, 68)
(1511, 71)
(1512, 71)
(1513, 70)
(1514, 70)
(1515, 68)
(1516, 69)
(1517, 70)
(1518, 66)
(1519, 66)
(1520, 69)
(1521, 69)
(1522, 67)
(1523, 68)
(1524, 69)
(1525, 69)
(1526, 69)
(1527, 69)
(1528, 70)
(1529, 70)
(1530, 71)
(1531, 69)
(1532, 69)
(1533, 68)
(1534, 70)
(1535, 68)
(1536, 71)
(1537, 73)
(1538, 70)
(1539, 70)
(1540, 70)
(1541, 69)
(1542, 72)
(1543, 71)
(1544, 70)
(1545, 66)
(1546, 69)
(1547, 68)
(1548, 68)
(1549, 70)
(1550, 69)
(1551, 70)
(1552, 69)
(1553, 66)
(1554, 69)
(1555, 70)
(1556, 66)
(1557, 72)
(1558, 71)
(1559, 70)
(1560, 72)
(1561, 71)
(1562, 71)
(1563, 68)
(1564, 70)
(1565, 71)
(1566, 69)
(1567, 72)
(1568, 73)
(1569, 70)
(1570, 70)
(1571, 72)
(1572, 70)
(1573, 69)
(1574, 70)
(1575, 70)
(1576, 70)
(1577, 70)
(1578, 71)
(1579, 71)
(1580, 69)
(1581, 70)
(1582, 71)
(1583, 70)
(1584, 71)
(1585, 71)
(1586, 70)
(1587, 69)
(1588, 72)
(1589, 71)
(1590, 70)
(1591, 66)
(1592, 70)
(1593, 71)
(1594, 69)
(1595, 72)
(1596, 69)
(1597, 69)
(1598, 72)
(1599, 71)
(1600, 68)
(1601, 71)
(1602, 69)
(1603, 69)
(1604, 67)
(1605, 69)
(1606, 71)
(1607, 70)
(1608, 72)
(1609, 70)
(1610, 72)
(1611, 69)
(1612, 69)
(1613, 69)
(1614, 70)
(1615, 67)
(1616, 70)
(1617, 70)
(1618, 69)
(1619, 69)
(1620, 68)
(1621, 71)
(1622, 70)
(1623, 72)
(1624, 70)
(1625, 68)
(1626, 72)
(1627, 70)
(1628, 72)
(1629, 69)
(1630, 70)
(1631, 66)
(1632, 72)
(1633, 71)
(1634, 72)
(1635, 73)
(1636, 69)
(1637, 71)
(1638, 74)
(1639, 71)
(1640, 72)
(1641, 72)
(1642, 72)
(1643, 71)
(1644, 72)
(1645, 72)
(1646, 72)
(1647, 72)
(1648, 70)
(1649, 72)
(1650, 74)
(1651, 73)
(1652, 72)
(1653, 72)
(1654, 73)
(1655, 71)
(1656, 72)
(1657, 70)
(1658, 70)
(1659, 72)
(1660, 72)
(1661, 72)
(1662, 73)
(1663, 73)
(1664, 72)
(1665, 73)
(1666, 71)
(1667, 73)
(1668, 71)
(1669, 71)
(1670, 73)
(1671, 72)
(1672, 71)
(1673, 72)
(1674, 71)
(1675, 72)
(1676, 72)
(1677, 69)
(1678, 71)
(1679, 71)
(1680, 69)
(1681, 72)
(1682, 70)
(1683, 70)
(1684, 71)
(1685, 73)
(1686, 71)
(1687, 71)
(1688, 70)
(1689, 69)
(1690, 68)
(1691, 69)
(1692, 72)
(1693, 72)
(1694, 71)
(1695, 68)
(1696, 70)
(1697, 73)
(1698, 71)
(1699, 70)
(1700, 71)
(1701, 68)
(1702, 69)
(1703, 69)
(1704, 73)
(1705, 67)
(1706, 70)
(1707, 72)
(1708, 71)
(1709, 71)
(1710, 71)
(1711, 70)
(1712, 70)
(1713, 70)
(1714, 69)
(1715, 72)
(1716, 72)
(1717, 73)
(1718, 70)
(1719, 72)
(1720, 72)
(1721, 74)
(1722, 70)
(1723, 71)
(1724, 71)
(1725, 71)
(1726, 72)
(1727, 71)
(1728, 72)
(1729, 72)
(1730, 71)
(1731, 69)
(1732, 71)
(1733, 71)
(1734, 73)
(1735, 70)
(1736, 70)
(1737, 72)
(1738, 72)
(1739, 72)
(1740, 71)
(1741, 69)
(1742, 72)
(1743, 69)
(1744, 71)
(1745, 74)
(1746, 70)
(1747, 72)
(1748, 70)
(1749, 71)
(1750, 72)
(1751, 71)
(1752, 71)
(1753, 72)
(1754, 68)
(1755, 71)
(1756, 69)
(1757, 72)
(1758, 72)
(1759, 72)
(1760, 70)
(1761, 71)
(1762, 71)
(1763, 69)
(1764, 71)
(1765, 67)
(1766, 68)
(1767, 70)
(1768, 71)
(1769, 69)
(1770, 69)
(1771, 67)
(1772, 70)
(1773, 71)
(1774, 71)
(1775, 69)
(1776, 69)
(1777, 68)
(1778, 70)
(1779, 69)
(1780, 71)
(1781, 71)
(1782, 70)
(1783, 71)
(1784, 70)
(1785, 69)
(1786, 72)
(1787, 67)
(1788, 68)
(1789, 70)
(1790, 66)
(1791, 64)
(1792, 69)
(1793, 69)
(1794, 72)
(1795, 70)
(1796, 70)
(1797, 69)
(1798, 72)
(1799, 71)
(1800, 72)
(1801, 70)
(1802, 69)
(1803, 70)
(1804, 70)
(1805, 71)
(1806, 69)
(1807, 69)
(1808, 65)
(1809, 72)
(1810, 72)
(1811, 72)
(1812, 72)
(1813, 70)
(1814, 70)
(1815, 70)
(1816, 71)
(1817, 67)
(1818, 71)
(1819, 68)
(1820, 70)
(1821, 68)
(1822, 66)
(1823, 71)
(1824, 68)
(1825, 65)
(1826, 69)
(1827, 70)
(1828, 71)
(1829, 69)
(1830, 71)
(1831, 69)
(1832, 68)
(1833, 69)
(1834, 71)
(1835, 70)
(1836, 70)
(1837, 71)
(1838, 69)
(1839, 71)
(1840, 69)
(1841, 70)
(1842, 69)
(1843, 68)
(1844, 68)
(1845, 66)
(1846, 70)
(1847, 71)
(1848, 70)
(1849, 70)
(1850, 67)
(1851, 71)
(1852, 70)
(1853, 69)
(1854, 68)
(1855, 68)
(1856, 70)
(1857, 70)
(1858, 70)
(1859, 70)
(1860, 68)
(1861, 70)
(1862, 71)
(1863, 70)
(1864, 68)
(1865, 71)
(1866, 72)
(1867, 69)
(1868, 70)
(1869, 70)
(1870, 69)
(1871, 68)
(1872, 71)
(1873, 71)
(1874, 69)
(1875, 71)
(1876, 70)
(1877, 69)
(1878, 68)
(1879, 71)
(1880, 70)
(1881, 69)
(1882, 71)
(1883, 68)
(1884, 69)
(1885, 69)
(1886, 68)
(1887, 70)
(1888, 68)
(1889, 69)
(1890, 72)
(1891, 70)
(1892, 71)
(1893, 68)
(1894, 68)
(1895, 70)
(1896, 70)
(1897, 72)
(1898, 68)
(1899, 71)
(1900, 69)
(1901, 70)
(1902, 65)
(1903, 69)
(1904, 70)
(1905, 70)
(1906, 70)
(1907, 70)
(1908, 70)
(1909, 69)
(1910, 70)
(1911, 71)
(1912, 71)
(1913, 68)
(1914, 69)
(1915, 72)
(1916, 69)
(1917, 68)
(1918, 68)
(1919, 67)
(1920, 70)
(1921, 68)
(1922, 65)
(1923, 67)
(1924, 67)
(1925, 70)
(1926, 68)
(1927, 69)
(1928, 69)
(1929, 69)
(1930, 70)
(1931, 70)
(1932, 70)
(1933, 71)
(1934, 67)
(1935, 71)
(1936, 70)
(1937, 70)
(1938, 69)
(1939, 70)
(1940, 70)
(1941, 71)
(1942, 70)
(1943, 69)
(1944, 69)
(1945, 69)
(1946, 71)
(1947, 68)
(1948, 69)
(1949, 68)
(1950, 71)
(1951, 69)
(1952, 70)
(1953, 70)
(1954, 69)
(1955, 69)
(1956, 69)
(1957, 70)
(1958, 68)
(1959, 70)
(1960, 69)
(1961, 68)
(1962, 71)
(1963, 69)
(1964, 70)
(1965, 70)
(1966, 72)
(1967, 69)
(1968, 70)
(1969, 68)
(1970, 72)
(1971, 70)
(1972, 70)
(1973, 67)
(1974, 69)
(1975, 71)
(1976, 70)
(1977, 70)
(1978, 69)
(1979, 70)
(1980, 71)
(1981, 69)
(1982, 69)
(1983, 71)
(1984, 70)
(1985, 65)
(1986, 71)
(1987, 71)
(1988, 69)
(1989, 70)
(1990, 70)
(1991, 72)
(1992, 67)
(1993, 72)
(1994, 72)
(1995, 69)
(1996, 71)
(1997, 73)
(1998, 70)
(1999, 69)
(2000, 70)
(2001, 69)
(2002, 71)
(2003, 72)
(2004, 72)
(2005, 72)
(2006, 71)
(2007, 71)
(2008, 70)
(2009, 68)
(2010, 71)
(2011, 71)
(2012, 68)
(2013, 69)
(2014, 68)
(2015, 71)
(2016, 69)
(2017, 71)
(2018, 71)
(2019, 69)
(2020, 69)
(2021, 70)
(2022, 71)
(2023, 72)
(2024, 69)
(2025, 71)
(2026, 68)
(2027, 69)
(2028, 70)
(2029, 65)
(2030, 71)
(2031, 69)
(2032, 69)
(2033, 71)
(2034, 71)
(2035, 70)
(2036, 72)
(2037, 70)
(2038, 70)
(2039, 69)
(2040, 71)
(2041, 66)
(2042, 70)
(2043, 70)
(2044, 70)
(2045, 68)
(2046, 68)
(2047, 71)
(2048, 67)
(2049, 67)
(2050, 69)
(2051, 69)
(2052, 69)
(2053, 68)
(2054, 71)
(2055, 70)
(2056, 71)
(2057, 74)
(2058, 70)
(2059, 70)
(2060, 72)
(2061, 69)
(2062, 70)
(2063, 69)
(2064, 67)
(2065, 68)
(2066, 69)
(2067, 70)
(2068, 69)
(2069, 71)
(2070, 68)
(2071, 69)
(2072, 69)
(2073, 70)
(2074, 70)
(2075, 70)
(2076, 71)
(2077, 68)
(2078, 71)
(2079, 72)
(2080, 72)
(2081, 72)
(2082, 72)
(2083, 72)
(2084, 73)
(2085, 72)
(2086, 73)
(2087, 72)
(2088, 70)
(2089, 73)
(2090, 71)
(2091, 69)
(2092, 72)
(2093, 71)
(2094, 69)
(2095, 70)
(2096, 69)
(2097, 69)
(2098, 71)
(2099, 71)
(2100, 66)
(2101, 68)
(2102, 71)
(2103, 72)
(2104, 70)
(2105, 70)
(2106, 69)
(2107, 71)
(2108, 72)
(2109, 72)
(2110, 72)
(2111, 68)
(2112, 72)
(2113, 71)
(2114, 68)
(2115, 69)
(2116, 71)
(2117, 72)
(2118, 70)
(2119, 71)
(2120, 71)
(2121, 70)
(2122, 70)
(2123, 69)
(2124, 72)
(2125, 70)
(2126, 71)
(2127, 72)
(2128, 70)
(2129, 72)
(2130, 71)
(2131, 71)
(2132, 69)
(2133, 68)
(2134, 71)
(2135, 71)
(2136, 70)
(2137, 67)
(2138, 69)
(2139, 70)
(2140, 70)
(2141, 67)
(2142, 71)
(2143, 72)
(2144, 70)
(2145, 71)
(2146, 69)
(2147, 69)
(2148, 70)
(2149, 69)
(2150, 71)
(2151, 69)
(2152, 71)
(2153, 68)
(2154, 67)
(2155, 71)
(2156, 71)
(2157, 71)
(2158, 70)
(2159, 70)
(2160, 69)
(2161, 67)
(2162, 68)
(2163, 67)
(2164, 70)
(2165, 69)
(2166, 67)
(2167, 70)
(2168, 68)
(2169, 71)
(2170, 65)
(2171, 70)
(2172, 70)
(2173, 71)
(2174, 70)
(2175, 70)
(2176, 71)
(2177, 70)
(2178, 71)
(2179, 70)
(2180, 71)
(2181, 69)
(2182, 72)
(2183, 71)
(2184, 73)
(2185, 69)
(2186, 70)
(2187, 70)
(2188, 66)
(2189, 69)
(2190, 69)
(2191, 69)
(2192, 66)
(2193, 70)
(2194, 68)
(2195, 68)
(2196, 70)
(2197, 67)
(2198, 68)
(2199, 71)
(2200, 70)
(2201, 70)
(2202, 67)
(2203, 69)
(2204, 69)
(2205, 70)
(2206, 69)
(2207, 69)
(2208, 68)
(2209, 68)
(2210, 66)
(2211, 68)
(2212, 71)
(2213, 70)
(2214, 67)
(2215, 69)
(2216, 69)
(2217, 69)
(2218, 67)
(2219, 70)
(2220, 67)
(2221, 68)
(2222, 67)
(2223, 67)
(2224, 70)
(2225, 67)
(2226, 70)
(2227, 68)
(2228, 67)
(2229, 69)
(2230, 69)
(2231, 69)
(2232, 68)
(2233, 70)
(2234, 68)
(2235, 69)
(2236, 69)
(2237, 65)
(2238, 67)
(2239, 66)
(2240, 68)
(2241, 66)
(2242, 69)
(2243, 69)
(2244, 68)
(2245, 68)
(2246, 68)
(2247, 69)
(2248, 69)
(2249, 70)
(2250, 70)
(2251, 72)
(2252, 68)
(2253, 69)
(2254, 70)
(2255, 67)
(2256, 69)
(2257, 70)
(2258, 72)
(2259, 72)
(2260, 72)
(2261, 70)
(2262, 71)
(2263, 70)
(2264, 70)
(2265, 72)
(2266, 71)
(2267, 69)
(2268, 70)
(2269, 70)
(2270, 72)
(2271, 69)
(2272, 71)
(2273, 68)
(2274, 70)
(2275, 69)
(2276, 70)
(2277, 71)
(2278, 68)
(2279, 68)
(2280, 68)
(2281, 71)
(2282, 73)
(2283, 73)
(2284, 71)
(2285, 73)
(2286, 68)
(2287, 72)
(2288, 68)
(2289, 72)
(2290, 72)
(2291, 71)
(2292, 72)
(2293, 71)
(2294, 70)
(2295, 72)
(2296, 71)
(2297, 71)
(2298, 70)
(2299, 70)
(2300, 71)
(2301, 70)
(2302, 69)
(2303, 70)
(2304, 71)
(2305, 71)
(2306, 69)
(2307, 71)
(2308, 72)
(2309, 71)
(2310, 70)
(2311, 69)
(2312, 71)
(2313, 70)
(2314, 72)
(2315, 70)
(2316, 71)
(2317, 70)
(2318, 70)
(2319, 72)
(2320, 70)
(2321, 71)
(2322, 72)
(2323, 68)
(2324, 71)
(2325, 68)
(2326, 69)
(2327, 68)
(2328, 72)
(2329, 68)
(2330, 71)
(2331, 68)
(2332, 68)
(2333, 68)
(2334, 69)
(2335, 71)
(2336, 69)
(2337, 68)
(2338, 68)
(2339, 68)
(2340, 65)
(2341, 67)
(2342, 68)
(2343, 67)
(2344, 71)
(2345, 71)
(2346, 72)
(2347, 71)
(2348, 70)
(2349, 70)
(2350, 71)
(2351, 73)
(2352, 66)
(2353, 67)
(2354, 73)
(2355, 72)
(2356, 73)
(2357, 67)
(2358, 71)
(2359, 68)
(2360, 71)
(2361, 72)
(2362, 71)
(2363, 72)
(2364, 69)
(2365, 71)
(2366, 72)
(2367, 71)
(2368, 70)
(2369, 71)
(2370, 71)
(2371, 70)
(2372, 70)
(2373, 70)
(2374, 72)
(2375, 71)
(2376, 69)
(2377, 70)
(2378, 71)
(2379, 72)
(2380, 70)
(2381, 72)
(2382, 71)
(2383, 70)
(2384, 72)
(2385, 72)
(2386, 72)
(2387, 69)
(2388, 70)
(2389, 71)
(2390, 71)
(2391, 70)
(2392, 69)
(2393, 71)
(2394, 71)
(2395, 70)
(2396, 69)
(2397, 71)
(2398, 71)
(2399, 71)
(2400, 71)
(2401, 71)
(2402, 66)
(2403, 69)
(2404, 69)
(2405, 67)
(2406, 69)
(2407, 68)
(2408, 72)
(2409, 69)
(2410, 69)
(2411, 71)
(2412, 67)
(2413, 69)
(2414, 71)
(2415, 71)
(2416, 66)
(2417, 70)
(2418, 69)
(2419, 71)
(2420, 70)
(2421, 70)
(2422, 66)
(2423, 67)
(2424, 69)
(2425, 69)
(2426, 69)
(2427, 68)
(2428, 67)
(2429, 69)
(2430, 67)
(2431, 69)
(2432, 71)
(2433, 69)
(2434, 70)
(2435, 71)
(2436, 69)
(2437, 71)
(2438, 71)
(2439, 69)
(2440, 70)
(2441, 67)
(2442, 70)
(2443, 70)
(2444, 67)
(2445, 70)
(2446, 69)
(2447, 70)
(2448, 65)
(2449, 69)
(2450, 67)
(2451, 67)
(2452, 67)
(2453, 69)
(2454, 68)
(2455, 70)
(2456, 71)
(2457, 71)
(2458, 70)
(2459, 70)
(2460, 70)
(2461, 68)
(2462, 70)
(2463, 68)
(2464, 68)
(2465, 70)
(2466, 71)
(2467, 70)
(2468, 68)
(2469, 69)
(2470, 69)
(2471, 69)
(2472, 71)
(2473, 68)
(2474, 68)
(2475, 68)
(2476, 69)
(2477, 70)
(2478, 71)
(2479, 67)
(2480, 69)
(2481, 71)
(2482, 69)
(2483, 70)
(2484, 70)
(2485, 69)
(2486, 70)
(2487, 71)
(2488, 70)
(2489, 69)
(2490, 69)
(2491, 68)
(2492, 68)
(2493, 71)
(2494, 70)
(2495, 68)
(2496, 71)
(2497, 69)
(2498, 72)
(2499, 71)
(2500, 69)
(2501, 69)
(2502, 69)
(2503, 68)
(2504, 68)
(2505, 69)
(2506, 70)
(2507, 70)
(2508, 71)
(2509, 69)
(2510, 70)
(2511, 71)
(2512, 71)
(2513, 71)
(2514, 73)
(2515, 70)
(2516, 70)
(2517, 70)
(2518, 71)
(2519, 70)
(2520, 70)
(2521, 67)
(2522, 66)
(2523, 69)
(2524, 68)
(2525, 70)
(2526, 69)
(2527, 68)
(2528, 69)
(2529, 71)
(2530, 71)
(2531, 66)
(2532, 71)
(2533, 70)
(2534, 68)
(2535, 73)
(2536, 69)
(2537, 70)
(2538, 70)
(2539, 71)
(2540, 69)
(2541, 70)
(2542, 69)
(2543, 69)
(2544, 70)
(2545, 70)
(2546, 69)
(2547, 68)
(2548, 68)
(2549, 69)
(2550, 70)
(2551, 68)
(2552, 67)
(2553, 70)
(2554, 70)
(2555, 71)
(2556, 71)
(2557, 68)
(2558, 70)
(2559, 68)
(2560, 71)
(2561, 69)
(2562, 71)
(2563, 70)
(2564, 71)
(2565, 69)
(2566, 70)
(2567, 70)
(2568, 68)
(2569, 70)
(2570, 71)
(2571, 69)
(2572, 67)
(2573, 68)
(2574, 69)
(2575, 71)
(2576, 71)
(2577, 72)
(2578, 71)
(2579, 71)
(2580, 70)
(2581, 70)
(2582, 70)
(2583, 68)
(2584, 66)
(2585, 69)
(2586, 70)
(2587, 68)
(2588, 70)
(2589, 66)
(2590, 68)
(2591, 70)
(2592, 71)
(2593, 72)
(2594, 72)
(2595, 71)
(2596, 71)
(2597, 69)
(2598, 71)
(2599, 72)
(2600, 72)
(2601, 70)
(2602, 71)
(2603, 71)
(2604, 71)
(2605, 70)
(2606, 71)
(2607, 67)
(2608, 65)
(2609, 69)
(2610, 69)
(2611, 71)
(2612, 72)
(2613, 71)
(2614, 71)
(2615, 70)
(2616, 69)
(2617, 68)
(2618, 71)
(2619, 70)
(2620, 71)
(2621, 70)
(2622, 71)
(2623, 70)
(2624, 70)
(2625, 71)
(2626, 69)
(2627, 70)
(2628, 72)
(2629, 72)
(2630, 69)
(2631, 69)
(2632, 70)
(2633, 71)
(2634, 72)
(2635, 71)
(2636, 69)
(2637, 72)
(2638, 69)
(2639, 70)
(2640, 68)
(2641, 71)
(2642, 70)
(2643, 72)
(2644, 71)
(2645, 73)
(2646, 73)
(2647, 70)
(2648, 72)
(2649, 72)
(2650, 71)
(2651, 70)
(2652, 70)
(2653, 66)
(2654, 69)
(2655, 68)
(2656, 70)
(2657, 69)
(2658, 69)
(2659, 71)
(2660, 71)
(2661, 70)
(2662, 71)
(2663, 71)
(2664, 71)
(2665, 69)
(2666, 70)
(2667, 68)
(2668, 70)
(2669, 70)
(2670, 65)
(2671, 70)
(2672, 70)
(2673, 70)
(2674, 67)
(2675, 71)
(2676, 69)
(2677, 68)
(2678, 69)
(2679, 69)
(2680, 71)
(2681, 70)
(2682, 69)
(2683, 70)
(2684, 70)
(2685, 70)
(2686, 70)
(2687, 69)
(2688, 68)
(2689, 68)
(2690, 69)
(2691, 70)
(2692, 70)
(2693, 71)
(2694, 69)
(2695, 68)
(2696, 67)
(2697, 70)
(2698, 69)
(2699, 71)
(2700, 67)
(2701, 71)
(2702, 72)
(2703, 70)
(2704, 69)
(2705, 70)
(2706, 70)
(2707, 71)
(2708, 69)
(2709, 72)
(2710, 71)
(2711, 73)
(2712, 72)
(2713, 69)
(2714, 70)
(2715, 71)
(2716, 70)
(2717, 69)
(2718, 69)
(2719, 70)
(2720, 68)
(2721, 68)
(2722, 66)
(2723, 68)
(2724, 65)
(2725, 68)
(2726, 72)
(2727, 69)
(2728, 67)
(2729, 68)
(2730, 68)
(2731, 71)
(2732, 71)
(2733, 69)
(2734, 71)
(2735, 72)
(2736, 70)
(2737, 69)
(2738, 69)
(2739, 71)
(2740, 70)
(2741, 71)
(2742, 69)
(2743, 68)
(2744, 68)
(2745, 70)
(2746, 69)
(2747, 71)
(2748, 68)
(2749, 71)
(2750, 69)
(2751, 71)
(2752, 67)
(2753, 70)
(2754, 71)
(2755, 70)
(2756, 65)
(2757, 70)
(2758, 69)
(2759, 71)
(2760, 70)
(2761, 69)
(2762, 71)
(2763, 69)
(2764, 69)
(2765, 70)
(2766, 71)
(2767, 70)
(2768, 69)
(2769, 70)
(2770, 69)
(2771, 69)
(2772, 70)
(2773, 71)
(2774, 72)
(2775, 71)
(2776, 71)
(2777, 72)
(2778, 67)
(2779, 71)
(2780, 72)
(2781, 71)
(2782, 71)
(2783, 66)
(2784, 70)
(2785, 68)
(2786, 66)
(2787, 70)
(2788, 70)
(2789, 70)
(2790, 72)
(2791, 71)
(2792, 70)
(2793, 69)
(2794, 69)
(2795, 69)
(2796, 71)
(2797, 71)
(2798, 68)
(2799, 71)
(2800, 68)
(2801, 71)
(2802, 69)
(2803, 70)
(2804, 71)
(2805, 71)
(2806, 72)
(2807, 71)
(2808, 70)
(2809, 70)
(2810, 71)
(2811, 71)
(2812, 69)
(2813, 72)
(2814, 69)
(2815, 70)
(2816, 71)
(2817, 71)
(2818, 73)
(2819, 69)
(2820, 73)
(2821, 71)
(2822, 70)
(2823, 72)
(2824, 71)
(2825, 71)
(2826, 70)
(2827, 68)
(2828, 67)
(2829, 70)
(2830, 68)
(2831, 68)
(2832, 71)
(2833, 69)
(2834, 70)
(2835, 72)
(2836, 69)
(2837, 69)
(2838, 69)
(2839, 68)
(2840, 70)
(2841, 70)
(2842, 70)
(2843, 71)
(2844, 71)
(2845, 71)
(2846, 69)
(2847, 70)
(2848, 70)
(2849, 68)
(2850, 73)
(2851, 73)
(2852, 70)
(2853, 73)
(2854, 71)
(2855, 69)
(2856, 68)
(2857, 70)
(2858, 70)
(2859, 70)
(2860, 71)
(2861, 71)
(2862, 70)
(2863, 72)
(2864, 70)
(2865, 71)
(2866, 70)
(2867, 69)
(2868, 68)
(2869, 70)
(2870, 70)
(2871, 71)
(2872, 72)
(2873, 70)
(2874, 70)
(2875, 71)
(2876, 70)
(2877, 68)
(2878, 71)
(2879, 71)
(2880, 68)
(2881, 68)
(2882, 69)
(2883, 70)
(2884, 67)
(2885, 67)
(2886, 71)
(2887, 69)
(2888, 72)
(2889, 71)
(2890, 65)
(2891, 67)
(2892, 69)
(2893, 70)
(2894, 73)
(2895, 68)
(2896, 71)
(2897, 70)
(2898, 69)
(2899, 68)
(2900, 71)
(2901, 72)
(2902, 71)
(2903, 66)
(2904, 72)
(2905, 68)
(2906, 71)
(2907, 69)
(2908, 68)
(2909, 69)
(2910, 70)
(2911, 68)
(2912, 69)
(2913, 66)
(2914, 70)
(2915, 69)
(2916, 68)
(2917, 70)
(2918, 71)
(2919, 69)
(2920, 69)
(2921, 68)
(2922, 67)
(2923, 69)
(2924, 71)
(2925, 70)
(2926, 69)
(2927, 72)
(2928, 71)
(2929, 71)
(2930, 71)
(2931, 70)
(2932, 69)
(2933, 70)
(2934, 72)
(2935, 68)
(2936, 70)
(2937, 71)
(2938, 68)
(2939, 71)
(2940, 71)
(2941, 65)
(2942, 70)
(2943, 69)
(2944, 70)
(2945, 71)
(2946, 69)
(2947, 71)
(2948, 69)
(2949, 70)
(2950, 68)
(2951, 68)
(2952, 72)
(2953, 70)
(2954, 71)
(2955, 71)
(2956, 71)
(2957, 68)
(2958, 69)
(2959, 71)
(2960, 69)
(2961, 71)
(2962, 71)
(2963, 70)
(2964, 68)
(2965, 68)
(2966, 69)
(2967, 69)
(2968, 68)
(2969, 70)
(2970, 69)
(2971, 67)
(2972, 65)
(2973, 71)
(2974, 68)
(2975, 70)
(2976, 68)
(2977, 69)
(2978, 68)
(2979, 68)
(2980, 70)
(2981, 70)
(2982, 71)
(2983, 72)
(2984, 70)
(2985, 67)
(2986, 69)
(2987, 70)
(2988, 71)
(2989, 70)
(2990, 68)
(2991, 69)
(2992, 69)
(2993, 69)
(2994, 70)
(2995, 70)
(2996, 71)
(2997, 70)
(2998, 66)
(2999, 72)
(3000, 71)
(3001, 71)
(3002, 72)
(3003, 71)
(3004, 71)
(3005, 69)
(3006, 68)
(3007, 71)
(3008, 68)
(3009, 70)
(3010, 70)
(3011, 70)
(3012, 71)
(3013, 69)
(3014, 70)
(3015, 71)
(3016, 71)
(3017, 72)
(3018, 70)
(3019, 71)
(3020, 72)
(3021, 70)
(3022, 72)
(3023, 72)
(3024, 72)
(3025, 70)
(3026, 72)
(3027, 71)
(3028, 70)
(3029, 68)
(3030, 72)
(3031, 71)
(3032, 71)
(3033, 71)
(3034, 71)
(3035, 71)
(3036, 70)
(3037, 71)
(3038, 71)
(3039, 70)
(3040, 71)
(3041, 68)
(3042, 71)
(3043, 70)
(3044, 72)
(3045, 72)
(3046, 70)
(3047, 69)
(3048, 67)
(3049, 70)
(3050, 67)
(3051, 69)
(3052, 70)
(3053, 68)
(3054, 68)
(3055, 68)
(3056, 69)
(3057, 72)
(3058, 70)
(3059, 71)
(3060, 70)
(3061, 71)
(3062, 69)
(3063, 70)
(3064, 71)
(3065, 70)
(3066, 69)
(3067, 69)
(3068, 68)
(3069, 69)
(3070, 68)
(3071, 69)
(3072, 70)
(3073, 69)
(3074, 72)
(3075, 71)
(3076, 71)
(3077, 70)
(3078, 71)
(3079, 68)
(3080, 67)
(3081, 67)
(3082, 69)
(3083, 69)
(3084, 69)
(3085, 69)
(3086, 69)
(3087, 71)
(3088, 71)
(3089, 71)
(3090, 68)
(3091, 69)
(3092, 69)
(3093, 67)
(3094, 69)
(3095, 69)
(3096, 69)
(3097, 67)
(3098, 67)
(3099, 68)
(3100, 70)
(3101, 70)
(3102, 70)
(3103, 71)
(3104, 68)
(3105, 69)
(3106, 69)
(3107, 71)
(3108, 70)
(3109, 69)
(3110, 69)
(3111, 71)
(3112, 70)
(3113, 70)
(3114, 72)
(3115, 71)
(3116, 69)
(3117, 72)
(3118, 70)
(3119, 71)
(3120, 68)
(3121, 70)
(3122, 68)
(3123, 69)
(3124, 68)
(3125, 70)
(3126, 70)
(3127, 70)
(3128, 67)
(3129, 69)
(3130, 71)
(3131, 68)
(3132, 67)
(3133, 67)
(3134, 65)
(3135, 70)
(3136, 69)
(3137, 67)
(3138, 69)
(3139, 70)
(3140, 66)
(3141, 68)
(3142, 69)
(3143, 69)
(3144, 70)
(3145, 71)
(3146, 72)
(3147, 70)
(3148, 69)
(3149, 71)
(3150, 71)
(3151, 71)
(3152, 70)
(3153, 69)
(3154, 69)
(3155, 70)
(3156, 71)
(3157, 71)
(3158, 70)
(3159, 68)
(3160, 71)
(3161, 72)
(3162, 70)
(3163, 71)
(3164, 67)
(3165, 67)
(3166, 69)
(3167, 69)
(3168, 66)
(3169, 71)
(3170, 70)
(3171, 69)
(3172, 69)
(3173, 67)
(3174, 69)
(3175, 67)
(3176, 70)
(3177, 70)
(3178, 71)
(3179, 69)
(3180, 70)
(3181, 71)
(3182, 66)
(3183, 70)
(3184, 72)
(3185, 70)
(3186, 70)
(3187, 71)
(3188, 73)
(3189, 72)
(3190, 72)
(3191, 71)
(3192, 71)
(3193, 70)
(3194, 69)
(3195, 72)
(3196, 72)
(3197, 70)
(3198, 72)
(3199, 70)
(3200, 67)
(3201, 70)
(3202, 71)
(3203, 72)
(3204, 71)
(3205, 72)
(3206, 71)
(3207, 69)
(3208, 69)
(3209, 70)
(3210, 68)
(3211, 71)
(3212, 72)
(3213, 70)
(3214, 70)
(3215, 66)
(3216, 68)
(3217, 70)
(3218, 66)
(3219, 70)
(3220, 71)
(3221, 69)
(3222, 70)
(3223, 67)
(3224, 67)
(3225, 71)
(3226, 70)
(3227, 66)
(3228, 70)
(3229, 70)
(3230, 70)
(3231, 69)
(3232, 68)
(3233, 69)
(3234, 71)
(3235, 72)
(3236, 68)
(3237, 71)
(3238, 72)
(3239, 70)
(3240, 69)
(3241, 67)
(3242, 71)
(3243, 71)
(3244, 72)
(3245, 69)
(3246, 70)
(3247, 67)
(3248, 71)
(3249, 68)
(3250, 65)
(3251, 71)
(3252, 68)
(3253, 71)
(3254, 69)
(3255, 69)
(3256, 72)
(3257, 70)
(3258, 67)
(3259, 66)
(3260, 69)
(3261, 70)
(3262, 71)
(3263, 71)
(3264, 71)
(3265, 69)
(3266, 66)
(3267, 71)
(3268, 69)
(3269, 69)
(3270, 70)
(3271, 70)
(3272, 67)
(3273, 69)
(3274, 66)
(3275, 71)
(3276, 71)
(3277, 70)
(3278, 70)
(3279, 71)
(3280, 70)
(3281, 69)
(3282, 70)
(3283, 65)
(3284, 68)
(3285, 69)
(3286, 69)
(3287, 67)
(3288, 70)
(3289, 67)
(3290, 68)
(3291, 67)
(3292, 69)
(3293, 70)
(3294, 70)
(3295, 70)
(3296, 70)
(3297, 68)
(3298, 70)
(3299, 69)
(3300, 71)
(3301, 71)
(3302, 70)
(3303, 72)
(3304, 68)
(3305, 69)
(3306, 69)
(3307, 70)
(3308, 69)
(3309, 70)
(3310, 71)
(3311, 69)
(3312, 70)
(3313, 70)
(3314, 66)
(3315, 70)
(3316, 71)
(3317, 69)
(3318, 70)
(3319, 71)
(3320, 69)
(3321, 72)
(3322, 71)
(3323, 69)
(3324, 69)
(3325, 70)
(3326, 69)
(3327, 70)
(3328, 69)
(3329, 68)
(3330, 69)
(3331, 71)
(3332, 69)
(3333, 72)
(3334, 71)
(3335, 71)
(3336, 68)
(3337, 65)
(3338, 69)
(3339, 70)
(3340, 70)
(3341, 71)
(3342, 72)
(3343, 70)
(3344, 70)
(3345, 73)
(3346, 73)
(3347, 72)
(3348, 70)
(3349, 70)
(3350, 68)
(3351, 71)
(3352, 70)
(3353, 68)
(3354, 71)
(3355, 69)
(3356, 66)
(3357, 71)
(3358, 71)
(3359, 73)
(3360, 71)
(3361, 69)
(3362, 72)
(3363, 70)
(3364, 73)
(3365, 72)
(3366, 72)
(3367, 72)
(3368, 70)
(3369, 69)
(3370, 68)
(3371, 70)
(3372, 70)
(3373, 70)
(3374, 71)
(3375, 67)
(3376, 69)
(3377, 68)
(3378, 70)
(3379, 71)
(3380, 65)
(3381, 68)
(3382, 70)
(3383, 69)
(3384, 68)
(3385, 72)
(3386, 68)
(3387, 70)
(3388, 70)
(3389, 69)
(3390, 70)
(3391, 71)
(3392, 72)
(3393, 71)
(3394, 69)
(3395, 71)
(3396, 71)
(3397, 70)
(3398, 72)
(3399, 69)
(3400, 70)
(3401, 68)
(3402, 70)
(3403, 70)
(3404, 70)
(3405, 69)
(3406, 68)
(3407, 69)
(3408, 68)
(3409, 71)
(3410, 67)
(3411, 71)
(3412, 69)
(3413, 67)
(3414, 70)
(3415, 70)
(3416, 71)
(3417, 69)
(3418, 69)
(3419, 70)
(3420, 68)
(3421, 70)
(3422, 70)
(3423, 69)
(3424, 68)
(3425, 67)
(3426, 71)
(3427, 72)
(3428, 70)
(3429, 71)
(3430, 70)
(3431, 69)
(3432, 68)
(3433, 69)
(3434, 71)
(3435, 69)
(3436, 69)
(3437, 69)
(3438, 67)
(3439, 73)
(3440, 71)
(3441, 70)
(3442, 72)
(3443, 70)
(3444, 73)
(3445, 72)
(3446, 72)
(3447, 74)
(3448, 72)
(3449, 71)
(3450, 72)
(3451, 73)
(3452, 73)
(3453, 70)
(3454, 72)
(3455, 71)
(3456, 70)
(3457, 72)
(3458, 65)
(3459, 67)
(3460, 69)
(3461, 71)
(3462, 71)
(3463, 70)
(3464, 69)
(3465, 71)
(3466, 71)
(3467, 73)
(3468, 72)
(3469, 69)
(3470, 72)
(3471, 71)
(3472, 66)
(3473, 70)
(3474, 72)
(3475, 72)
(3476, 68)
(3477, 68)
(3478, 70)
(3479, 70)
(3480, 67)
(3481, 70)
(3482, 70)
(3483, 70)
(3484, 70)
(3485, 71)
(3486, 71)
(3487, 71)
(3488, 68)
(3489, 71)
(3490, 68)
(3491, 68)
(3492, 69)
(3493, 70)
(3494, 67)
(3495, 70)
(3496, 70)
(3497, 71)
(3498, 69)
(3499, 70)
(3500, 71)
(3501, 69)
(3502, 71)
(3503, 69)
(3504, 68)
(3505, 70)
(3506, 71)
(3507, 68)
(3508, 69)
(3509, 70)
(3510, 70)
(3511, 71)
(3512, 70)
(3513, 67)
(3514, 71)
(3515, 67)
(3516, 72)
(3517, 70)
(3518, 68)
(3519, 71)
(3520, 71)
(3521, 71)
(3522, 70)
(3523, 69)
(3524, 70)
(3525, 68)
(3526, 67)
(3527, 64)
(3528, 69)
(3529, 65)
(3530, 69)
(3531, 69)
(3532, 68)
(3533, 69)
(3534, 70)
(3535, 69)
(3536, 68)
(3537, 65)
(3538, 66)
(3539, 68)
(3540, 68)
(3541, 69)
(3542, 71)
(3543, 67)
(3544, 69)
(3545, 68)
(3546, 70)
(3547, 69)
(3548, 68)
(3549, 70)
(3550, 69)
(3551, 69)
(3552, 68)
(3553, 70)
(3554, 70)
(3555, 68)
(3556, 71)
(3557, 69)
(3558, 73)
(3559, 67)
(3560, 70)
(3561, 70)
(3562, 70)
(3563, 66)
(3564, 71)
(3565, 69)
(3566, 70)
(3567, 69)
(3568, 66)
(3569, 69)
(3570, 70)
(3571, 69)
(3572, 69)
(3573, 67)
(3574, 71)
(3575, 70)
(3576, 67)
(3577, 70)
(3578, 72)
(3579, 70)
(3580, 71)
(3581, 72)
(3582, 72)
(3583, 72)
(3584, 70)
(3585, 68)
(3586, 71)
(3587, 70)
(3588, 72)
(3589, 72)
(3590, 67)
(3591, 73)
(3592, 70)
(3593, 72)
(3594, 70)
(3595, 67)
(3596, 67)
(3597, 72)
(3598, 72)
(3599, 70)
(3600, 70)
(3601, 69)
(3602, 72)
(3603, 72)
(3604, 68)
(3605, 71)
(3606, 71)
(3607, 72)
(3608, 69)
(3609, 70)
(3610, 71)
(3611, 70)
(3612, 71)
(3613, 69)
(3614, 70)
(3615, 71)
(3616, 71)
(3617, 72)
(3618, 71)
(3619, 70)
(3620, 71)
(3621, 70)
(3622, 67)
(3623, 71)
(3624, 70)
(3625, 71)
(3626, 69)
(3627, 70)
(3628, 67)
(3629, 72)
(3630, 70)
(3631, 73)
(3632, 69)
(3633, 70)
(3634, 70)
(3635, 69)
(3636, 69)
(3637, 70)
(3638, 69)
(3639, 71)
(3640, 70)
(3641, 72)
(3642, 66)
(3643, 70)
(3644, 72)
(3645, 70)
(3646, 72)
(3647, 71)
(3648, 72)
(3649, 72)
(3650, 71)
(3651, 71)
(3652, 71)
(3653, 70)
(3654, 71)
(3655, 72)
(3656, 71)
(3657, 72)
(3658, 68)
(3659, 71)
(3660, 71)
(3661, 72)
(3662, 67)
(3663, 68)
(3664, 71)
(3665, 70)
(3666, 69)
(3667, 68)
(3668, 71)
(3669, 70)
(3670, 69)
(3671, 67)
(3672, 66)
(3673, 69)
(3674, 70)
(3675, 70)
(3676, 69)
(3677, 70)
(3678, 69)
(3679, 71)
(3680, 71)
(3681, 68)
(3682, 71)
(3683, 68)
(3684, 69)
(3685, 71)
(3686, 68)
(3687, 69)
(3688, 67)
(3689, 72)
(3690, 70)
(3691, 69)
(3692, 70)
(3693, 71)
(3694, 72)
(3695, 72)
(3696, 72)
(3697, 73)
(3698, 72)
(3699, 71)
(3700, 71)
(3701, 71)
(3702, 72)
(3703, 70)
(3704, 72)
(3705, 71)
(3706, 71)
(3707, 70)
(3708, 68)
(3709, 69)
(3710, 69)
(3711, 68)
(3712, 71)
(3713, 69)
(3714, 68)
(3715, 70)
(3716, 69)
(3717, 68)
(3718, 69)
(3719, 67)
(3720, 69)
(3721, 69)
(3722, 68)
(3723, 68)
(3724, 68)
(3725, 67)
(3726, 69)
(3727, 66)
(3728, 66)
(3729, 71)
(3730, 70)
(3731, 69)
(3732, 65)
(3733, 69)
(3734, 68)
(3735, 70)
(3736, 68)
(3737, 66)
(3738, 68)
(3739, 72)
(3740, 68)
(3741, 69)
(3742, 68)
(3743, 69)
(3744, 70)
(3745, 69)
(3746, 67)
(3747, 70)
(3748, 71)
(3749, 72)
(3750, 72)
(3751, 68)
(3752, 70)
(3753, 71)
(3754, 69)
(3755, 71)
(3756, 67)
(3757, 69)
(3758, 70)
(3759, 66)
(3760, 69)
(3761, 67)
(3762, 67)
(3763, 68)
(3764, 70)
(3765, 71)
(3766, 67)
(3767, 70)
(3768, 70)
(3769, 69)
(3770, 70)
(3771, 71)
(3772, 70)
(3773, 71)
(3774, 68)
(3775, 70)
(3776, 68)
(3777, 71)
(3778, 70)
(3779, 71)
(3780, 70)
(3781, 68)
(3782, 69)
(3783, 64)
(3784, 67)
(3785, 70)
(3786, 71)
(3787, 71)
(3788, 70)
(3789, 69)
(3790, 71)
(3791, 70)
(3792, 69)
(3793, 68)
(3794, 70)
(3795, 71)
(3796, 69)
(3797, 72)
(3798, 71)
(3799, 71)
(3800, 70)
(3801, 73)
(3802, 71)
(3803, 73)
(3804, 72)
(3805, 70)
(3806, 72)
(3807, 72)
(3808, 72)
(3809, 69)
(3810, 69)
(3811, 71)
(3812, 73)
(3813, 71)
(3814, 72)
(3815, 69)
(3816, 71)
(3817, 72)
(3818, 68)
(3819, 71)
(3820, 70)
(3821, 70)
(3822, 71)
(3823, 72)
(3824, 68)
(3825, 70)
(3826, 71)
(3827, 71)
(3828, 71)
(3829, 70)
(3830, 71)
(3831, 69)
(3832, 71)
(3833, 70)
(3834, 72)
(3835, 71)
(3836, 68)
(3837, 69)
(3838, 66)
(3839, 70)
(3840, 70)
(3841, 72)
(3842, 70)
(3843, 69)
(3844, 71)
(3845, 67)
(3846, 70)
(3847, 69)
(3848, 71)
(3849, 69)
(3850, 66)
(3851, 69)
(3852, 69)
(3853, 69)
(3854, 70)
(3855, 68)
(3856, 68)
(3857, 66)
(3858, 67)
(3859, 68)
(3860, 69)
(3861, 70)
(3862, 68)
(3863, 67)
(3864, 71)
(3865, 69)
(3866, 68)
(3867, 69)
(3868, 71)
(3869, 69)
(3870, 69)
(3871, 68)
(3872, 70)
(3873, 70)
(3874, 71)
(3875, 70)
(3876, 70)
(3877, 70)
(3878, 69)
(3879, 70)
(3880, 70)
(3881, 70)
(3882, 70)
(3883, 70)
(3884, 70)
(3885, 72)
(3886, 70)
(3887, 71)
(3888, 68)
(3889, 68)
(3890, 71)
(3891, 69)
(3892, 71)
(3893, 69)
(3894, 72)
(3895, 72)
(3896, 73)
(3897, 70)
(3898, 69)
(3899, 71)
(3900, 71)
(3901, 67)
(3902, 68)
(3903, 71)
(3904, 72)
(3905, 72)
(3906, 71)
(3907, 71)
(3908, 71)
(3909, 70)
(3910, 71)
(3911, 71)
(3912, 71)
(3913, 72)
(3914, 73)
(3915, 71)
(3916, 70)
(3917, 72)
(3918, 71)
(3919, 71)
(3920, 70)
(3921, 72)
(3922, 73)
(3923, 67)
(3924, 70)
(3925, 68)
(3926, 73)
(3927, 71)
(3928, 70)
(3929, 71)
(3930, 70)
(3931, 69)
(3932, 70)
(3933, 69)
(3934, 71)
(3935, 67)
(3936, 69)
(3937, 68)
(3938, 69)
(3939, 67)
(3940, 69)
(3941, 66)
(3942, 69)
(3943, 71)
(3944, 70)
(3945, 69)
(3946, 69)
(3947, 68)
(3948, 68)
(3949, 67)
(3950, 72)
(3951, 70)
(3952, 69)
(3953, 72)
(3954, 70)
(3955, 71)
(3956, 69)
(3957, 71)
(3958, 71)
(3959, 70)
(3960, 70)
(3961, 72)
(3962, 69)
(3963, 65)
(3964, 70)
(3965, 69)
(3966, 69)
(3967, 71)
(3968, 71)
(3969, 69)
(3970, 69)
(3971, 73)
(3972, 72)
(3973, 69)
(3974, 71)
(3975, 69)
(3976, 69)
(3977, 72)
(3978, 70)
(3979, 70)
(3980, 72)
(3981, 68)
(3982, 68)
(3983, 70)
(3984, 71)
(3985, 70)
(3986, 71)
(3987, 73)
(3988, 70)
(3989, 70)
(3990, 71)
(3991, 69)
(3992, 71)
(3993, 71)
(3994, 70)
(3995, 71)
(3996, 71)
(3997, 71)
(3998, 73)
(3999, 70)
(4000, 73)
(4001, 72)
(4002, 73)
(4003, 72)
(4004, 71)
(4005, 72)
(4006, 72)
(4007, 69)
(4008, 71)
(4009, 71)
(4010, 70)
(4011, 71)
(4012, 67)
(4013, 71)
(4014, 71)
(4015, 67)
(4016, 70)
(4017, 68)
(4018, 71)
(4019, 69)
(4020, 71)
(4021, 70)
(4022, 68)
(4023, 70)
(4024, 72)
(4025, 72)
(4026, 72)
(4027, 71)
(4028, 70)
(4029, 68)
(4030, 71)
(4031, 74)
(4032, 73)
(4033, 72)
(4034, 70)
(4035, 69)
(4036, 72)
(4037, 71)
(4038, 65)
(4039, 70)
(4040, 71)
(4041, 71)
(4042, 69)
(4043, 70)
(4044, 68)
(4045, 72)
(4046, 73)
(4047, 70)
(4048, 69)
(4049, 71)
(4050, 68)
(4051, 70)
(4052, 72)
(4053, 71)
(4054, 71)
(4055, 69)
(4056, 71)
(4057, 71)
(4058, 71)
(4059, 71)
(4060, 70)
(4061, 70)
(4062, 66)
(4063, 67)
(4064, 71)
(4065, 69)
(4066, 71)
(4067, 72)
(4068, 69)
(4069, 70)
(4070, 69)
(4071, 72)
(4072, 70)
(4073, 70)
(4074, 70)
(4075, 72)
(4076, 70)
(4077, 70)
(4078, 70)
(4079, 70)
(4080, 71)
(4081, 73)
(4082, 72)
(4083, 70)
(4084, 72)
(4085, 69)
(4086, 68)
(4087, 72)
(4088, 69)
(4089, 71)
(4090, 73)
(4091, 71)
(4092, 69)
(4093, 70)
(4094, 72)
(4095, 71)
(4096, 71)
(4097, 68)
(4098, 69)
(4099, 71)
(4100, 70)
(4101, 70)
(4102, 70)
(4103, 71)
(4104, 71)
(4105, 69)
(4106, 71)
(4107, 66)
(4108, 69)
(4109, 71)
(4110, 71)
(4111, 71)
(4112, 70)
(4113, 65)
(4114, 71)
(4115, 70)
(4116, 69)
(4117, 70)
(4118, 69)
(4119, 70)
(4120, 71)
(4121, 70)
(4122, 69)
(4123, 65)
(4124, 69)
(4125, 70)
(4126, 68)
(4127, 69)
(4128, 70)
(4129, 68)
(4130, 70)
(4131, 69)
(4132, 70)
(4133, 68)
(4134, 71)
(4135, 72)
(4136, 70)
(4137, 73)
(4138, 70)
(4139, 71)
(4140, 71)
(4141, 71)
(4142, 70)
(4143, 71)
(4144, 68)
(4145, 71)
(4146, 70)
(4147, 70)
(4148, 69)
(4149, 70)
(4150, 70)
(4151, 68)
(4152, 67)
(4153, 71)
(4154, 72)
(4155, 72)
(4156, 69)
(4157, 69)
(4158, 72)
(4159, 70)
(4160, 70)
(4161, 70)
(4162, 70)
(4163, 71)
(4164, 69)
(4165, 71)
(4166, 68)
(4167, 71)
(4168, 72)
(4169, 65)
(4170, 69)
(4171, 71)
(4172, 72)
(4173, 73)
(4174, 73)
(4175, 70)
(4176, 71)
(4177, 72)
(4178, 69)
(4179, 69)
(4180, 70)
(4181, 72)
(4182, 72)
(4183, 71)
(4184, 72)
(4185, 70)
(4186, 71)
(4187, 72)
(4188, 71)
(4189, 71)
(4190, 71)
(4191, 71)
(4192, 72)
(4193, 70)
(4194, 70)
(4195, 71)
(4196, 72)
(4197, 71)
(4198, 70)
(4199, 69)
(4200, 70)
(4201, 72)
(4202, 71)
(4203, 69)
(4204, 69)
(4205, 70)
(4206, 69)
(4207, 70)
(4208, 67)
(4209, 70)
(4210, 69)
(4211, 73)
(4212, 72)
(4213, 70)
(4214, 72)
(4215, 71)
(4216, 69)
(4217, 68)
(4218, 65)
(4219, 68)
(4220, 70)
(4221, 68)
(4222, 69)
(4223, 69)
(4224, 67)
(4225, 68)
(4226, 70)
(4227, 71)
(4228, 67)
(4229, 70)
(4230, 69)
(4231, 68)
(4232, 68)
(4233, 73)
(4234, 71)
(4235, 71)
(4236, 68)
(4237, 64)
(4238, 71)
(4239, 68)
(4240, 70)
(4241, 70)
(4242, 69)
(4243, 72)
(4244, 68)
(4245, 69)
(4246, 69)
(4247, 70)
(4248, 71)
(4249, 69)
(4250, 70)
(4251, 70)
(4252, 70)
(4253, 72)
(4254, 70)
(4255, 69)
(4256, 70)
(4257, 68)
(4258, 69)
(4259, 69)
(4260, 69)
(4261, 70)
(4262, 70)
(4263, 67)
(4264, 71)
(4265, 69)
(4266, 69)
(4267, 68)
(4268, 68)
(4269, 67)
(4270, 69)
(4271, 70)
(4272, 71)
(4273, 71)
(4274, 71)
(4275, 70)
(4276, 72)
(4277, 69)
(4278, 71)
(4279, 71)
(4280, 69)
(4281, 71)
(4282, 68)
(4283, 64)
(4284, 71)
(4285, 70)
(4286, 71)
(4287, 70)
(4288, 67)
(4289, 71)
(4290, 71)
(4291, 68)
(4292, 71)
(4293, 69)
(4294, 69)
(4295, 69)
(4296, 71)
(4297, 66)
(4298, 71)
(4299, 72)
(4300, 70)
(4301, 70)
(4302, 71)
(4303, 73)
(4304, 71)
(4305, 72)
(4306, 70)
(4307, 71)
(4308, 70)
(4309, 72)
(4310, 72)
(4311, 70)
(4312, 68)
(4313, 73)
(4314, 69)
(4315, 70)
(4316, 68)
(4317, 70)
(4318, 70)
(4319, 72)
(4320, 69)
(4321, 66)
(4322, 70)
(4323, 71)
(4324, 72)
(4325, 71)
(4326, 72)
(4327, 70)
(4328, 71)
(4329, 71)
(4330, 72)
(4331, 72)
(4332, 70)
(4333, 66)
(4334, 68)
(4335, 71)
(4336, 72)
(4337, 70)
(4338, 72)
(4339, 69)
(4340, 72)
(4341, 71)
(4342, 71)
(4343, 70)
(4344, 73)
(4345, 72)
(4346, 71)
(4347, 72)
(4348, 71)
(4349, 71)
(4350, 72)
(4351, 69)
(4352, 72)
(4353, 70)
(4354, 72)
(4355, 72)
(4356, 70)
(4357, 72)
(4358, 71)
(4359, 67)
(4360, 71)
(4361, 71)
(4362, 63)
(4363, 70)
(4364, 71)
(4365, 68)
(4366, 68)
(4367, 67)
(4368, 70)
(4369, 70)
(4370, 64)
(4371, 66)
(4372, 68)
(4373, 70)
(4374, 70)
(4375, 66)
(4376, 69)
(4377, 67)
(4378, 68)
(4379, 71)
(4380, 68)
(4381, 69)
(4382, 68)
(4383, 69)
(4384, 69)
(4385, 66)
(4386, 69)
(4387, 70)
(4388, 69)
(4389, 70)
(4390, 66)
(4391, 69)
(4392, 70)
(4393, 71)
(4394, 66)
(4395, 69)
(4396, 70)
(4397, 70)
(4398, 65)
(4399, 71)
(4400, 69)
(4401, 70)
(4402, 70)
(4403, 70)
(4404, 72)
(4405, 67)
(4406, 70)
(4407, 69)
(4408, 69)
(4409, 69)
(4410, 70)
(4411, 70)
(4412, 71)
(4413, 74)
(4414, 71)
(4415, 70)
(4416, 72)
(4417, 72)
(4418, 69)
(4419, 71)
(4420, 73)
(4421, 73)
(4422, 70)
(4423, 71)
(4424, 71)
(4425, 71)
(4426, 70)
(4427, 72)
(4428, 68)
(4429, 69)
(4430, 70)
(4431, 69)
(4432, 71)
(4433, 70)
(4434, 70)
(4435, 70)
(4436, 70)
(4437, 70)
(4438, 70)
(4439, 69)
(4440, 71)
(4441, 72)
(4442, 72)
(4443, 70)
(4444, 70)
(4445, 70)
(4446, 68)
(4447, 70)
(4448, 70)
(4449, 69)
(4450, 66)
(4451, 67)
(4452, 70)
(4453, 71)
(4454, 71)
(4455, 69)
(4456, 71)
(4457, 71)
(4458, 61)
(4459, 67)
(4460, 67)
(4461, 68)
(4462, 68)
(4463, 69)
(4464, 69)
(4465, 69)
(4466, 69)
(4467, 70)
(4468, 71)
(4469, 68)
(4470, 68)
(4471, 69)
(4472, 69)
(4473, 68)
(4474, 69)
(4475, 69)
(4476, 68)
(4477, 72)
(4478, 69)
(4479, 70)
(4480, 69)
(4481, 70)
(4482, 69)
(4483, 68)
(4484, 69)
(4485, 70)
(4486, 72)
(4487, 70)
(4488, 71)
(4489, 70)
(4490, 71)
(4491, 69)
(4492, 71)
(4493, 71)
(4494, 69)
(4495, 67)
(4496, 71)
(4497, 70)
(4498, 70)
(4499, 70)
(4500, 70)
(4501, 71)
(4502, 69)
(4503, 68)
(4504, 67)
(4505, 69)
(4506, 70)
(4507, 71)
(4508, 71)
(4509, 68)
(4510, 68)
(4511, 70)
(4512, 68)
(4513, 67)
(4514, 65)
(4515, 69)
(4516, 68)
(4517, 68)
(4518, 67)
(4519, 70)
(4520, 71)
(4521, 71)
(4522, 72)
(4523, 70)
(4524, 69)
(4525, 70)
(4526, 70)
(4527, 72)
(4528, 72)
(4529, 71)
(4530, 71)
(4531, 69)
(4532, 71)
(4533, 71)
(4534, 71)
(4535, 70)
(4536, 65)
(4537, 67)
(4538, 69)
(4539, 71)
(4540, 70)
(4541, 70)
(4542, 71)
(4543, 70)
(4544, 70)
(4545, 71)
(4546, 70)
(4547, 70)
(4548, 69)
(4549, 69)
(4550, 69)
(4551, 69)
(4552, 68)
(4553, 67)
(4554, 70)
(4555, 69)
(4556, 69)
(4557, 71)
(4558, 71)
(4559, 70)
(4560, 71)
(4561, 70)
(4562, 70)
(4563, 72)
(4564, 71)
(4565, 71)
(4566, 64)
(4567, 65)
(4568, 68)
(4569, 72)
(4570, 72)
(4571, 71)
(4572, 70)
(4573, 72)
(4574, 71)
(4575, 72)
(4576, 69)
(4577, 70)
(4578, 69)
(4579, 70)
(4580, 71)
(4581, 73)
(4582, 72)
(4583, 68)
(4584, 69)
(4585, 72)
(4586, 71)
(4587, 71)
(4588, 69)
(4589, 72)
(4590, 68)
(4591, 70)
(4592, 70)
(4593, 68)
(4594, 69)
(4595, 72)
(4596, 67)
(4597, 71)
(4598, 68)
(4599, 71)
(4600, 69)
(4601, 69)
(4602, 71)
(4603, 70)
(4604, 71)
(4605, 72)
(4606, 68)
(4607, 70)
(4608, 71)
(4609, 71)
(4610, 66)
(4611, 72)
(4612, 72)
(4613, 73)
(4614, 70)
(4615, 72)
(4616, 69)
(4617, 72)
(4618, 68)
(4619, 68)
(4620, 69)
(4621, 69)
(4622, 70)
(4623, 71)
(4624, 68)
(4625, 69)
(4626, 69)
(4627, 69)
(4628, 68)
(4629, 69)
(4630, 70)
(4631, 71)
(4632, 67)
(4633, 69)
(4634, 67)
(4635, 69)
(4636, 70)
(4637, 72)
(4638, 69)
(4639, 71)
(4640, 70)
(4641, 71)
(4642, 71)
(4643, 67)
(4644, 71)
(4645, 72)
(4646, 71)
(4647, 71)
(4648, 68)
(4649, 69)
(4650, 69)
(4651, 66)
(4652, 68)
(4653, 69)
(4654, 70)
(4655, 71)
(4656, 70)
(4657, 69)
(4658, 73)
(4659, 70)
(4660, 69)
(4661, 71)
(4662, 71)
(4663, 70)
(4664, 70)
(4665, 67)
(4666, 70)
(4667, 71)
(4668, 68)
(4669, 68)
(4670, 71)
(4671, 71)
(4672, 68)
(4673, 72)
(4674, 70)
(4675, 70)
(4676, 70)
(4677, 71)
(4678, 69)
(4679, 71)
(4680, 71)
(4681, 72)
(4682, 70)
(4683, 71)
(4684, 71)
(4685, 72)
(4686, 69)
(4687, 70)
(4688, 73)
(4689, 70)
(4690, 71)
(4691, 69)
(4692, 69)
(4693, 69)
(4694, 71)
(4695, 68)
(4696, 70)
(4697, 71)
(4698, 69)
(4699, 72)
(4700, 71)
(4701, 70)
(4702, 70)
(4703, 68)
(4704, 69)
(4705, 73)
(4706, 70)
(4707, 72)
(4708, 70)
(4709, 69)
(4710, 66)
(4711, 69)
(4712, 70)
(4713, 68)
(4714, 66)
(4715, 69)
(4716, 69)
(4717, 70)
(4718, 69)
(4719, 68)
(4720, 70)
(4721, 68)
(4722, 68)
(4723, 71)
(4724, 70)
(4725, 70)
(4726, 69)
(4727, 68)
(4728, 69)
(4729, 70)
(4730, 69)
(4731, 70)
(4732, 68)
(4733, 69)
(4734, 69)
(4735, 68)
(4736, 70)
(4737, 71)
(4738, 70)
(4739, 70)
(4740, 66)
(4741, 70)
(4742, 72)
(4743, 70)
(4744, 69)
(4745, 68)
(4746, 68)
(4747, 69)
(4748, 69)
(4749, 70)
(4750, 70)
(4751, 66)
(4752, 70)
(4753, 68)
(4754, 67)
(4755, 69)
(4756, 72)
(4757, 73)
(4758, 72)
(4759, 70)
(4760, 69)
(4761, 69)
(4762, 72)
(4763, 72)
(4764, 71)
(4765, 71)
(4766, 72)
(4767, 73)
(4768, 71)
(4769, 66)
(4770, 67)
(4771, 70)
(4772, 71)
(4773, 70)
(4774, 71)
(4775, 72)
(4776, 72)
(4777, 72)
(4778, 71)
(4779, 71)
(4780, 74)
(4781, 70)
(4782, 71)
(4783, 71)
(4784, 72)
(4785, 73)
(4786, 71)
(4787, 71)
(4788, 71)
(4789, 71)
(4790, 72)
(4791, 69)
(4792, 70)
(4793, 71)
(4794, 69)
(4795, 69)
(4796, 70)
(4797, 72)
(4798, 71)
(4799, 68)
(4800, 71)
(4801, 71)
(4802, 71)
(4803, 71)
(4804, 70)
(4805, 70)
(4806, 70)
(4807, 70)
(4808, 71)
(4809, 70)
(4810, 67)
(4811, 69)
(4812, 69)
(4813, 70)
(4814, 71)
(4815, 72)
(4816, 71)
(4817, 71)
(4818, 69)
(4819, 70)
(4820, 71)
(4821, 69)
(4822, 70)
(4823, 71)
(4824, 70)
(4825, 70)
(4826, 72)
(4827, 70)
(4828, 68)
(4829, 67)
(4830, 71)
(4831, 69)
(4832, 70)
(4833, 70)
(4834, 71)
(4835, 70)
(4836, 69)
(4837, 71)
(4838, 67)
(4839, 65)
(4840, 68)
(4841, 69)
(4842, 70)
(4843, 70)
(4844, 70)
(4845, 71)
(4846, 69)
(4847, 72)
(4848, 71)
(4849, 71)
(4850, 70)
(4851, 69)
(4852, 71)
(4853, 70)
(4854, 72)
(4855, 71)
(4856, 72)
(4857, 71)
(4858, 70)
(4859, 70)
(4860, 70)
(4861, 70)
(4862, 71)
(4863, 69)
(4864, 68)
(4865, 71)
(4866, 71)
(4867, 69)
(4868, 70)
(4869, 71)
(4870, 69)
(4871, 71)
(4872, 69)
(4873, 72)
(4874, 69)
(4875, 71)
(4876, 71)
(4877, 72)
(4878, 71)
(4879, 69)
(4880, 71)
(4881, 70)
(4882, 68)
(4883, 70)
(4884, 69)
(4885, 67)
(4886, 70)
(4887, 70)
(4888, 70)
(4889, 66)
(4890, 72)
(4891, 69)
(4892, 66)
(4893, 68)
(4894, 72)
(4895, 72)
(4896, 70)
(4897, 70)
(4898, 69)
(4899, 71)
(4900, 68)
(4901, 72)
(4902, 73)
(4903, 72)
(4904, 72)
(4905, 72)
(4906, 71)
(4907, 73)
(4908, 71)
(4909, 72)
(4910, 69)
(4911, 73)
(4912, 72)
(4913, 73)
(4914, 71)
(4915, 72)
(4916, 69)
(4917, 72)
(4918, 72)
(4919, 70)
(4920, 72)
(4921, 71)
(4922, 70)
(4923, 72)
(4924, 69)
(4925, 69)
(4926, 71)
(4927, 72)
(4928, 70)
(4929, 73)
(4930, 70)
(4931, 71)
(4932, 69)
(4933, 70)
(4934, 70)
(4935, 68)
(4936, 70)
(4937, 71)
(4938, 67)
(4939, 69)
(4940, 70)
(4941, 71)
(4942, 70)
(4943, 70)
(4944, 71)
(4945, 70)
(4946, 65)
(4947, 71)
(4948, 70)
(4949, 70)
(4950, 69)
(4951, 70)
(4952, 71)
(4953, 68)
(4954, 62)
(4955, 71)
(4956, 70)
(4957, 71)
(4958, 72)
(4959, 70)
(4960, 72)
(4961, 72)
(4962, 73)
(4963, 69)
(4964, 69)
(4965, 71)
(4966, 71)
(4967, 71)
(4968, 72)
(4969, 69)
(4970, 70)
(4971, 73)
(4972, 73)
(4973, 71)
(4974, 70)
(4975, 71)
(4976, 69)
(4977, 68)
(4978, 67)
(4979, 70)
(4980, 70)
(4981, 70)
(4982, 68)
(4983, 71)
(4984, 72)
(4985, 69)
(4986, 72)
(4987, 70)
(4988, 71)
(4989, 70)
(4990, 68)
(4991, 69)
(4992, 72)
(4993, 69)
(4994, 70)
(4995, 71)
(4996, 70)
(4997, 67)
(4998, 69)
(4999, 73)
(5000, 70)
(5001, 69)
(5002, 70)
(5003, 71)
(5004, 70)
(5005, 69)
(5006, 69)
(5007, 68)
(5008, 69)
(5009, 69)
(5010, 69)
(5011, 69)
(5012, 70)
(5013, 70)
(5014, 73)
(5015, 71)
(5016, 70)
(5017, 71)
(5018, 72)
(5019, 72)
(5020, 71)
(5021, 67)
(5022, 72)
(5023, 70)
(5024, 71)
(5025, 71)
(5026, 71)
(5027, 71)
(5028, 71)
(5029, 72)
(5030, 69)
(5031, 72)
(5032, 73)
(5033, 70)
(5034, 71)
(5035, 68)
(5036, 68)
(5037, 72)
(5038, 72)
(5039, 70)
(5040, 73)
(5041, 71)
(5042, 70)
(5043, 70)
(5044, 69)
(5045, 69)
(5046, 70)
(5047, 71)
(5048, 70)
(5049, 69)
(5050, 71)
(5051, 71)
(5052, 70)
(5053, 70)
(5054, 68)
(5055, 70)
(5056, 67)
(5057, 69)
(5058, 72)
(5059, 72)
(5060, 71)
(5061, 69)
(5062, 72)
(5063, 71)
(5064, 70)
(5065, 69)
(5066, 68)
(5067, 68)
(5068, 68)
(5069, 71)
(5070, 68)
(5071, 67)
(5072, 70)
(5073, 69)
(5074, 68)
(5075, 70)
(5076, 71)
(5077, 71)
(5078, 71)
(5079, 71)
(5080, 71)
(5081, 70)
(5082, 68)
(5083, 69)
(5084, 71)
(5085, 71)
(5086, 69)
(5087, 70)
(5088, 70)
(5089, 70)
(5090, 71)
(5091, 72)
(5092, 71)
(5093, 71)
(5094, 65)
(5095, 68)
(5096, 69)
(5097, 67)
(5098, 68)
(5099, 67)
(5100, 67)
(5101, 70)
(5102, 72)
(5103, 67)
(5104, 70)
(5105, 71)
(5106, 70)
(5107, 70)
(5108, 69)
(5109, 64)
(5110, 69)
(5111, 71)
(5112, 70)
(5113, 69)
(5114, 70)
(5115, 70)
(5116, 68)
(5117, 69)
(5118, 71)
(5119, 70)
(5120, 68)
(5121, 69)
(5122, 69)
(5123, 71)
(5124, 71)
(5125, 71)
(5126, 67)
(5127, 69)
(5128, 69)
(5129, 68)
(5130, 68)
(5131, 69)
(5132, 70)
(5133, 68)
(5134, 69)
(5135, 69)
(5136, 69)
(5137, 68)
(5138, 69)
(5139, 70)
(5140, 71)
(5141, 65)
(5142, 69)
(5143, 70)
(5144, 70)
(5145, 71)
(5146, 70)
(5147, 67)
(5148, 70)
(5149, 72)
(5150, 66)
(5151, 71)
(5152, 69)
(5153, 70)
(5154, 73)
(5155, 69)
(5156, 70)
(5157, 68)
(5158, 69)
(5159, 71)
(5160, 68)
(5161, 71)
(5162, 69)
(5163, 72)
(5164, 71)
(5165, 71)
(5166, 71)
(5167, 68)
(5168, 71)
(5169, 72)
(5170, 65)
(5171, 70)
(5172, 68)
(5173, 73)
(5174, 71)
(5175, 69)
(5176, 71)
(5177, 69)
(5178, 71)
(5179, 71)
(5180, 71)
(5181, 70)
(5182, 70)
(5183, 69)
(5184, 70)
(5185, 68)
(5186, 70)
(5187, 70)
(5188, 67)
(5189, 70)
(5190, 69)
(5191, 70)
(5192, 68)
(5193, 67)
(5194, 71)
(5195, 70)
(5196, 68)
(5197, 68)
(5198, 71)
(5199, 70)
(5200, 71)
(5201, 71)
(5202, 70)
(5203, 71)
(5204, 72)
(5205, 71)
(5206, 70)
(5207, 68)
(5208, 70)
(5209, 71)
(5210, 71)
(5211, 70)
(5212, 71)
(5213, 70)
(5214, 72)
(5215, 70)
(5216, 70)
(5217, 70)
(5218, 71)
(5219, 72)
(5220, 73)
(5221, 68)
(5222, 71)
(5223, 71)
(5224, 72)
(5225, 72)
(5226, 70)
(5227, 70)
(5228, 69)
(5229, 67)
(5230, 71)
(5231, 68)
(5232, 70)
(5233, 72)
(5234, 70)
(5235, 70)
(5236, 70)
(5237, 71)
(5238, 70)
(5239, 70)
(5240, 71)
(5241, 72)
(5242, 71)
(5243, 71)
(5244, 70)
(5245, 69)
(5246, 70)
(5247, 70)
(5248, 68)
(5249, 68)
(5250, 70)
(5251, 70)
(5252, 71)
(5253, 67)
(5254, 68)
(5255, 71)
(5256, 71)
(5257, 69)
(5258, 69)
(5259, 72)
(5260, 71)
(5261, 68)
(5262, 68)
(5263, 66)
(5264, 66)
(5265, 69)
(5266, 70)
(5267, 69)
(5268, 69)
(5269, 69)
(5270, 67)
(5271, 69)
(5272, 69)
(5273, 70)
(5274, 70)
(5275, 70)
(5276, 70)
(5277, 68)
(5278, 70)
(5279, 69)
(5280, 69)
(5281, 69)
(5282, 70)
(5283, 68)
(5284, 70)
(5285, 69)
(5286, 69)
(5287, 71)
(5288, 70)
(5289, 70)
(5290, 69)
(5291, 67)
(5292, 67)
(5293, 66)
(5294, 68)
(5295, 69)
(5296, 69)
(5297, 70)
(5298, 70)
(5299, 70)
(5300, 70)
(5301, 69)
(5302, 69)
(5303, 70)
(5304, 69)
(5305, 71)
(5306, 69)
(5307, 71)
(5308, 68)
(5309, 71)
(5310, 70)
(5311, 71)
(5312, 71)
(5313, 69)
(5314, 69)
(5315, 69)
(5316, 71)
(5317, 68)
(5318, 71)
(5319, 71)
(5320, 70)
(5321, 71)
(5322, 72)
(5323, 71)
(5324, 70)
(5325, 70)
(5326, 69)
(5327, 68)
(5328, 70)
(5329, 69)
(5330, 67)
(5331, 70)
(5332, 68)
(5333, 68)
(5334, 70)
(5335, 70)
(5336, 68)
(5337, 67)
(5338, 66)
(5339, 70)
(5340, 70)
(5341, 67)
(5342, 65)
(5343, 69)
(5344, 69)
(5345, 70)
(5346, 70)
(5347, 69)
(5348, 70)
(5349, 69)
(5350, 68)
(5351, 69)
(5352, 67)
(5353, 69)
(5354, 68)
(5355, 70)
(5356, 71)
(5357, 70)
(5358, 70)
(5359, 68)
(5360, 69)
(5361, 67)
(5362, 68)
(5363, 71)
(5364, 70)
(5365, 70)
(5366, 69)
(5367, 67)
(5368, 70)
(5369, 68)
(5370, 70)
(5371, 68)
(5372, 71)
(5373, 69)
(5374, 70)
(5375, 70)
(5376, 71)
(5377, 70)
(5378, 69)
(5379, 69)
(5380, 69)
(5381, 67)
(5382, 71)
(5383, 71)
(5384, 70)
(5385, 71)
(5386, 70)
(5387, 70)
(5388, 67)
(5389, 69)
(5390, 66)
(5391, 69)
(5392, 71)
(5393, 68)
(5394, 67)
(5395, 71)
(5396, 71)
(5397, 68)
(5398, 70)
(5399, 72)
(5400, 68)
(5401, 70)
(5402, 68)
(5403, 71)
(5404, 72)
(5405, 69)
(5406, 70)
(5407, 70)
(5408, 71)
(5409, 72)
(5410, 73)
(5411, 72)
(5412, 73)
(5413, 72)
(5414, 73)
(5415, 73)
(5416, 69)
(5417, 71)
(5418, 73)
(5419, 68)
(5420, 70)
(5421, 69)
(5422, 70)
(5423, 68)
(5424, 70)
(5425, 69)
(5426, 71)
(5427, 71)
(5428, 71)
(5429, 69)
(5430, 68)
(5431, 70)
(5432, 71)
(5433, 69)
(5434, 72)
(5435, 69)
(5436, 70)
(5437, 69)
(5438, 68)
(5439, 67)
(5440, 70)
(5441, 69)
(5442, 69)
(5443, 69)
(5444, 70)
(5445, 68)
(5446, 70)
(5447, 66)
(5448, 70)
(5449, 70)
(5450, 67)
(5451, 67)
(5452, 68)
(5453, 69)
(5454, 69)
(5455, 70)
(5456, 70)
(5457, 68)
(5458, 70)
(5459, 68)
(5460, 63)
(5461, 70)
(5462, 69)
(5463, 64)
(5464, 69)
(5465, 67)
(5466, 69)
(5467, 70)
(5468, 71)
(5469, 71)
(5470, 70)
(5471, 69)
(5472, 71)
(5473, 72)
(5474, 74)
(5475, 71)
(5476, 73)
(5477, 73)
(5478, 72)
(5479, 73)
(5480, 71)
(5481, 70)
(5482, 72)
(5483, 70)
(5484, 70)
(5485, 72)
(5486, 70)
(5487, 69)
(5488, 71)
(5489, 71)
(5490, 71)
(5491, 71)
(5492, 73)
(5493, 71)
(5494, 73)
(5495, 71)
(5496, 71)
(5497, 71)
(5498, 69)
(5499, 71)
(5500, 71)
(5501, 70)
(5502, 72)
(5503, 69)
(5504, 69)
(5505, 70)
(5506, 70)
(5507, 71)
(5508, 70)
(5509, 71)
(5510, 70)
(5511, 72)
(5512, 71)
(5513, 69)
(5514, 71)
(5515, 69)
(5516, 70)
(5517, 69)
(5518, 72)
(5519, 71)
(5520, 68)
(5521, 67)
(5522, 68)
(5523, 69)
(5524, 69)
(5525, 68)
(5526, 66)
(5527, 69)
(5528, 67)
(5529, 68)
(5530, 69)
(5531, 71)
(5532, 70)
(5533, 69)
(5534, 69)
(5535, 67)
(5536, 70)
(5537, 70)
(5538, 67)
(5539, 68)
(5540, 66)
(5541, 71)
(5542, 67)
(5543, 69)
(5544, 66)
(5545, 72)
(5546, 67)
(5547, 70)
(5548, 70)
(5549, 68)
(5550, 71)
(5551, 71)
(5552, 69)
(5553, 71)
(5554, 68)
(5555, 70)
(5556, 69)
(5557, 70)
(5558, 71)
(5559, 71)
(5560, 71)
(5561, 71)
(5562, 72)
(5563, 72)
(5564, 72)
(5565, 69)
(5566, 71)
(5567, 70)
(5568, 71)
(5569, 72)
(5570, 71)
(5571, 71)
(5572, 71)
(5573, 72)
(5574, 72)
(5575, 70)
(5576, 72)
(5577, 71)
(5578, 71)
(5579, 70)
(5580, 69)
(5581, 67)
(5582, 71)
(5583, 69)
(5584, 69)
(5585, 72)
(5586, 69)
(5587, 68)
(5588, 70)
(5589, 67)
(5590, 67)
(5591, 69)
(5592, 69)
(5593, 70)
(5594, 70)
(5595, 71)
(5596, 69)
(5597, 71)
(5598, 72)
(5599, 71)
(5600, 72)
(5601, 71)
(5602, 69)
(5603, 71)
(5604, 71)
(5605, 71)
(5606, 71)
(5607, 71)
(5608, 70)
(5609, 68)
(5610, 69)
(5611, 71)
(5612, 69)
(5613, 69)
(5614, 69)
(5615, 70)
(5616, 67)
(5617, 65)
(5618, 69)
(5619, 69)
(5620, 69)
(5621, 71)
(5622, 70)
(5623, 68)
(5624, 68)
(5625, 70)
(5626, 71)
(5627, 69)
(5628, 71)
(5629, 70)
(5630, 68)
(5631, 68)
(5632, 70)
(5633, 68)
(5634, 68)
(5635, 69)
(5636, 72)
(5637, 70)
(5638, 69)
(5639, 67)
(5640, 68)
(5641, 72)
(5642, 71)
(5643, 72)
(5644, 70)
(5645, 71)
(5646, 70)
(5647, 69)
(5648, 70)
(5649, 71)
(5650, 71)
(5651, 68)
(5652, 70)
(5653, 62)
(5654, 70)
(5655, 70)
(5656, 70)
(5657, 70)
(5658, 69)
(5659, 68)
(5660, 70)
(5661, 69)
(5662, 70)
(5663, 68)
(5664, 72)
(5665, 70)
(5666, 70)
(5667, 73)
(5668, 69)
(5669, 72)
(5670, 71)
(5671, 69)
(5672, 70)
(5673, 72)
(5674, 68)
(5675, 73)
(5676, 72)
(5677, 71)
(5678, 70)
(5679, 72)
(5680, 70)
(5681, 71)
(5682, 72)
(5683, 71)
(5684, 72)
(5685, 73)
(5686, 71)
(5687, 73)
(5688, 70)
(5689, 71)
(5690, 72)
(5691, 70)
(5692, 69)
(5693, 72)
(5694, 72)
(5695, 72)
(5696, 71)
(5697, 70)
(5698, 70)
(5699, 72)
(5700, 70)
(5701, 69)
(5702, 71)
(5703, 72)
(5704, 69)
(5705, 73)
(5706, 71)
(5707, 71)
(5708, 70)
(5709, 72)
(5710, 73)
(5711, 69)
(5712, 72)
(5713, 71)
(5714, 72)
(5715, 71)
(5716, 72)
(5717, 72)
(5718, 71)
(5719, 72)
(5720, 70)
(5721, 70)
(5722, 70)
(5723, 70)
(5724, 70)
(5725, 69)
(5726, 69)
(5727, 70)
(5728, 70)
(5729, 67)
(5730, 69)
(5731, 68)
(5732, 68)
(5733, 68)
(5734, 70)
(5735, 69)
(5736, 70)
(5737, 71)
(5738, 68)
(5739, 67)
(5740, 71)
(5741, 72)
(5742, 69)
(5743, 70)
(5744, 71)
(5745, 72)
(5746, 71)
(5747, 72)
(5748, 71)
(5749, 72)
(5750, 70)
(5751, 72)
(5752, 70)
(5753, 69)
(5754, 70)
(5755, 71)
(5756, 71)
(5757, 69)
(5758, 69)
(5759, 67)
(5760, 70)
(5761, 67)
(5762, 69)
(5763, 70)
(5764, 69)
(5765, 70)
(5766, 71)
(5767, 68)
(5768, 70)
(5769, 68)
(5770, 70)
(5771, 67)
(5772, 69)
(5773, 68)
(5774, 68)
(5775, 68)
(5776, 68)
(5777, 69)
(5778, 67)
(5779, 66)
(5780, 64)
(5781, 69)
(5782, 69)
(5783, 70)
(5784, 71)
(5785, 71)
(5786, 70)
(5787, 71)
(5788, 70)
(5789, 72)
(5790, 68)
(5791, 69)
(5792, 68)
(5793, 69)
(5794, 72)
(5795, 69)
(5796, 71)
(5797, 71)
(5798, 67)
(5799, 71)
(5800, 69)
(5801, 71)
(5802, 68)
(5803, 66)
(5804, 71)
(5805, 69)
(5806, 70)
(5807, 71)
(5808, 72)
(5809, 71)
(5810, 72)
(5811, 68)
(5812, 72)
(5813, 71)
(5814, 69)
(5815, 70)
(5816, 68)
(5817, 71)
(5818, 71)
(5819, 70)
(5820, 70)
(5821, 70)
(5822, 67)
(5823, 68)
(5824, 70)
(5825, 69)
(5826, 71)
(5827, 70)
(5828, 72)
(5829, 71)
(5830, 72)
(5831, 73)
(5832, 72)
(5833, 70)
(5834, 71)
(5835, 71)
(5836, 71)
(5837, 68)
(5838, 71)
(5839, 72)
(5840, 73)
(5841, 70)
(5842, 67)
(5843, 71)
(5844, 71)
(5845, 71)
(5846, 70)
(5847, 70)
(5848, 71)
(5849, 68)
(5850, 69)
(5851, 72)
(5852, 72)
(5853, 71)
(5854, 71)
(5855, 74)
(5856, 72)
(5857, 71)
(5858, 71)
(5859, 71)
(5860, 69)
(5861, 71)
(5862, 70)
(5863, 68)
(5864, 69)
(5865, 65)
(5866, 69)
(5867, 71)
(5868, 67)
(5869, 70)
(5870, 69)
(5871, 65)
(5872, 69)
(5873, 71)
(5874, 67)
(5875, 68)
(5876, 69)
(5877, 69)
(5878, 71)
(5879, 72)
(5880, 68)
(5881, 71)
(5882, 69)
(5883, 67)
(5884, 68)
(5885, 70)
(5886, 64)
(5887, 70)
(5888, 68)
(5889, 66)
(5890, 68)
(5891, 68)
(5892, 70)
(5893, 72)
(5894, 69)
(5895, 69)
(5896, 69)
(5897, 71)
(5898, 69)
(5899, 68)
(5900, 70)
(5901, 69)
(5902, 66)
(5903, 68)
(5904, 72)
(5905, 72)
(5906, 68)
(5907, 70)
(5908, 70)
(5909, 68)
(5910, 71)
(5911, 70)
(5912, 70)
(5913, 70)
(5914, 72)
(5915, 70)
(5916, 69)
(5917, 70)
(5918, 69)
(5919, 71)
(5920, 69)
(5921, 71)
(5922, 69)
(5923, 71)
(5924, 70)
(5925, 70)
(5926, 71)
(5927, 71)
(5928, 69)
(5929, 72)
(5930, 71)
(5931, 70)
(5932, 68)
(5933, 72)
(5934, 68)
(5935, 71)
(5936, 71)
(5937, 69)
(5938, 72)
(5939, 70)
(5940, 68)
(5941, 71)
(5942, 69)
(5943, 72)
(5944, 70)
(5945, 70)
(5946, 70)
(5947, 70)
(5948, 70)
(5949, 71)
(5950, 70)
(5951, 71)
(5952, 70)
(5953, 70)
(5954, 67)
(5955, 70)
(5956, 69)
(5957, 70)
(5958, 66)
(5959, 66)
(5960, 68)
(5961, 68)
(5962, 69)
(5963, 69)
(5964, 69)
(5965, 71)
(5966, 68)
(5967, 73)
(5968, 72)
(5969, 69)
(5970, 69)
(5971, 72)
(5972, 71)
(5973, 71)
(5974, 71)
(5975, 69)
(5976, 70)
(5977, 71)
(5978, 70)
(5979, 70)
(5980, 69)
(5981, 71)
(5982, 69)
(5983, 68)
(5984, 68)
(5985, 69)
(5986, 69)
(5987, 70)
(5988, 71)
(5989, 69)
(5990, 70)
(5991, 72)
(5992, 70)
(5993, 71)
(5994, 71)
(5995, 71)
(5996, 71)
(5997, 70)
(5998, 72)
(5999, 71)
(6000, 73)
#GA RELOADED 2.0.1A RELOADED GRAPH OPENED Time: 18:54:58 Date: 02/08/20 LowPerTick.txt#
#GENETICAL ALGORITHM STANDART FUNCTION#
(1, 40)
(2, 38)
(3, 40)
(4, 38)
(5, 40)
(6, 37)
(7, 37)
(8, 38)
(9, 38)
(10, 39)
(11, 38)
(12, 36)
(13, 36)
(14, 38)
(15, 40)
(16, 39)
(17, 37)
(18, 38)
(19, 41)
(20, 37)
(21, 39)
(22, 38)
(23, 37)
(24, 38)
(25, 38)
(26, 36)
(27, 36)
(28, 35)
(29, 36)
(30, 40)
(31, 38)
(32, 40)
(33, 38)
(34, 39)
(35, 39)
(36, 36)
(37, 35)
(38, 35)
(39, 41)
(40, 37)
(41, 39)
(42, 38)
(43, 40)
(44, 34)
(45, 41)
(46, 40)
(47, 37)
(48, 39)
(49, 41)
(50, 35)
(51, 40)
(52, 38)
(53, 37)
(54, 39)
(55, 36)
(56, 35)
(57, 36)
(58, 38)
(59, 37)
(60, 37)
(61, 37)
(62, 39)
(63, 40)
(64, 40)
(65, 39)
(66, 36)
(67, 38)
(68, 38)
(69, 37)
(70, 36)
(71, 39)
(72, 38)
(73, 36)
(74, 39)
(75, 38)
(76, 34)
(77, 38)
(78, 38)
(79, 38)
(80, 38)
(81, 37)
(82, 38)
(83, 37)
(84, 39)
(85, 35)
(86, 37)
(87, 39)
(88, 39)
(89, 38)
(90, 35)
(91, 38)
(92, 38)
(93, 33)
(94, 37)
(95, 41)
(96, 38)
(97, 38)
(98, 33)
(99, 40)
(100, 39)
(101, 38)
(102, 36)
(103, 36)
(104, 38)
(105, 41)
(106, 40)
(107, 36)
(108, 36)
(109, 36)
(110, 38)
(111, 40)
(112, 40)
(113, 37)
(114, 39)
(115, 36)
(116, 40)
(117, 36)
(118, 36)
(119, 37)
(120, 37)
(121, 36)
(122, 36)
(123, 38)
(124, 40)
(125, 39)
(126, 41)
(127, 39)
(128, 38)
(129, 40)
(130, 37)
(131, 39)
(132, 36)
(133, 38)
(134, 38)
(135, 39)
(136, 35)
(137, 38)
(138, 36)
(139, 40)
(140, 39)
(141, 39)
(142, 33)
(143, 39)
(144, 38)
(145, 35)
(146, 38)
(147, 38)
(148, 41)
(149, 36)
(150, 36)
(151, 40)
(152, 37)
(153, 35)
(154, 35)
(155, 37)
(156, 38)
(157, 37)
(158, 38)
(159, 39)
(160, 38)
(161, 40)
(162, 35)
(163, 38)
(164, 38)
(165, 37)
(166, 37)
(167, 38)
(168, 40)
(169, 38)
(170, 40)
(171, 38)
(172, 39)
(173, 37)
(174, 39)
(175, 39)
(176, 36)
(177, 37)
(178, 39)
(179, 38)
(180, 39)
(181, 40)
(182, 32)
(183, 34)
(184, 39)
(185, 38)
(186, 40)
(187, 36)
(188, 40)
(189, 41)
(190, 39)
(191, 37)
(192, 33)
(193, 39)
(194, 39)
(195, 40)
(196, 39)
(197, 38)
(198, 38)
(199, 31)
(200, 40)
(201, 39)
(202, 36)
(203, 38)
(204, 39)
(205, 33)
(206, 37)
(207, 34)
(208, 39)
(209, 37)
(210, 39)
(211, 38)
(212, 40)
(213, 34)
(214, 35)
(215, 39)
(216, 38)
(217, 39)
(218, 36)
(219, 39)
(220, 38)
(221, 39)
(222, 34)
(223, 41)
(224, 35)
(225, 40)
(226, 37)
(227, 35)
(228, 39)
(229, 37)
(230, 37)
(231, 38)
(232, 40)
(233, 37)
(234, 35)
(235, 40)
(236, 41)
(237, 38)
(238, 35)
(239, 36)
(240, 39)
(241, 38)
(242, 38)
(243, 38)
(244, 37)
(245, 39)
(246, 38)
(247, 35)
(248, 38)
(249, 37)
(250, 39)
(251, 40)
(252, 34)
(253, 37)
(254, 38)
(255, 37)
(256, 36)
(257, 38)
(258, 38)
(259, 39)
(260, 40)
(261, 38)
(262, 37)
(263, 43)
(264, 39)
(265, 39)
(266, 37)
(267, 35)
(268, 39)
(269, 38)
(270, 37)
(271, 40)
(272, 38)
(273, 35)
(274, 34)
(275, 36)
(276, 37)
(277, 35)
(278, 40)
(279, 38)
(280, 38)
(281, 36)
(282, 36)
(283, 38)
(284, 39)
(285, 38)
(286, 33)
(287, 38)
(288, 36)
(289, 38)
(290, 38)
(291, 39)
(292, 39)
(293, 38)
(294, 37)
(295, 39)
(296, 38)
(297, 39)
(298, 37)
(299, 37)
(300, 37)
(301, 33)
(302, 40)
(303, 37)
(304, 36)
(305, 38)
(306, 38)
(307, 37)
(308, 39)
(309, 39)
(310, 36)
(311, 40)
(312, 39)
(313, 37)
(314, 39)
(315, 36)
(316, 38)
(317, 37)
(318, 39)
(319, 40)
(320, 37)
(321, 38)
(322, 37)
(323, 37)
(324, 39)
(325, 38)
(326, 40)
(327, 37)
(328, 41)
(329, 35)
(330, 39)
(331, 37)
(332, 39)
(333, 37)
(334, 37)
(335, 38)
(336, 39)
(337, 38)
(338, 38)
(339, 37)
(340, 37)
(341, 37)
(342, 34)
(343, 38)
(344, 39)
(345, 38)
(346, 39)
(347, 39)
(348, 38)
(349, 36)
(350, 37)
(351, 37)
(352, 38)
(353, 40)
(354, 39)
(355, 39)
(356, 40)
(357, 35)
(358, 39)
(359, 36)
(360, 40)
(361, 39)
(362, 42)
(363, 31)
(364, 37)
(365, 39)
(366, 36)
(367, 37)
(368, 37)
(369, 38)
(370, 38)
(371, 39)
(372, 33)
(373, 38)
(374, 35)
(375, 37)
(376, 34)
(377, 38)
(378, 36)
(379, 38)
(380, 35)
(381, 38)
(382, 35)
(383, 40)
(384, 35)
(385, 40)
(386, 39)
(387, 38)
(388, 40)
(389, 36)
(390, 37)
(391, 36)
(392, 41)
(393, 39)
(394, 38)
(395, 38)
(396, 37)
(397, 35)
(398, 38)
(399, 38)
(400, 37)
(401, 37)
(402, 34)
(403, 39)
(404, 36)
(405, 38)
(406, 35)
(407, 39)
(408, 39)
(409, 37)
(410, 40)
(411, 37)
(412, 39)
(413, 32)
(414, 38)
(415, 38)
(416, 38)
(417, 39)
(418, 37)
(419, 33)
(420, 36)
(421, 37)
(422, 40)
(423, 38)
(424, 38)
(425, 37)
(426, 36)
(427, 36)
(428, 36)
(429, 36)
(430, 39)
(431, 36)
(432, 36)
(433, 40)
(434, 34)
(435, 39)
(436, 36)
(437, 38)
(438, 39)
(439, 40)
(440, 37)
(441, 36)
(442, 38)
(443, 38)
(444, 39)
(445, 40)
(446, 39)
(447, 34)
(448, 38)
(449, 38)
(450, 40)
(451, 38)
(452, 39)
(453, 38)
(454, 36)
(455, 39)
(456, 30)
(457, 38)
(458, 38)
(459, 37)
(460, 38)
(461, 38)
(462, 40)
(463, 37)
(464, 36)
(465, 38)
(466, 36)
(467, 34)
(468, 39)
(469, 41)
(470, 40)
(471, 37)
(472, 38)
(473, 35)
(474, 38)
(475, 36)
(476, 41)
(477, 36)
(478, 36)
(479, 37)
(480, 40)
(481, 39)
(482, 36)
(483, 38)
(484, 36)
(485, 37)
(486, 35)
(487, 37)
(488, 37)
(489, 39)
(490, 40)
(491, 37)
(492, 38)
(493, 39)
(494, 37)
(495, 36)
(496, 38)
(497, 39)
(498, 38)
(499, 39)
(500, 36)
(501, 37)
(502, 35)
(503, 38)
(504, 39)
(505, 40)
(506, 37)
(507, 38)
(508, 38)
(509, 37)
(510, 39)
(511, 37)
(512, 40)
(513, 36)
(514, 36)
(515, 39)
(516, 39)
(517, 33)
(518, 38)
(519, 37)
(520, 39)
(521, 38)
(522, 41)
(523, 41)
(524, 39)
(525, 40)
(526, 35)
(527, 39)
(528, 39)
(529, 41)
(530, 38)
(531, 38)
(532, 36)
(533, 37)
(534, 39)
(535, 38)
(536, 38)
(537, 39)
(538, 35)
(539, 33)
(540, 39)
(541, 38)
(542, 39)
(543, 36)
(544, 39)
(545, 39)
(546, 38)
(547, 34)
(548, 35)
(549, 38)
(550, 40)
(551, 36)
(552, 40)
(553, 36)
(554, 40)
(555, 38)
(556, 37)
(557, 38)
(558, 34)
(559, 39)
(560, 38)
(561, 34)
(562, 42)
(563, 37)
(564, 37)
(565, 38)
(566, 42)
(567, 38)
(568, 40)
(569, 32)
(570, 37)
(571, 37)
(572, 39)
(573, 34)
(574, 39)
(575, 41)
(576, 38)
(577, 37)
(578, 39)
(579, 37)
(580, 36)
(581, 38)
(582, 40)
(583, 40)
(584, 38)
(585, 36)
(586, 36)
(587, 37)
(588, 37)
(589, 40)
(590, 37)
(591, 36)
(592, 36)
(593, 39)
(594, 37)
(595, 38)
(596, 39)
(597, 40)
(598, 37)
(599, 39)
(600, 40)
(601, 36)
(602, 38)
(603, 36)
(604, 36)
(605, 35)
(606, 40)
(607, 38)
(608, 36)
(609, 38)
(610, 38)
(611, 41)
(612, 40)
(613, 40)
(614, 35)
(615, 35)
(616, 36)
(617, 38)
(618, 39)
(619, 38)
(620, 37)
(621, 37)
(622, 37)
(623, 39)
(624, 38)
(625, 41)
(626, 37)
(627, 39)
(628, 37)
(629, 38)
(630, 34)
(631, 34)
(632, 38)
(633, 36)
(634, 38)
(635, 38)
(636, 38)
(637, 35)
(638, 39)
(639, 37)
(640, 39)
(641, 37)
(642, 38)
(643, 38)
(644, 39)
(645, 40)
(646, 32)
(647, 39)
(648, 38)
(649, 37)
(650, 36)
(651, 34)
(652, 38)
(653, 40)
(654, 36)
(655, 38)
(656, 36)
(657, 36)
(658, 36)
(659, 35)
(660, 37)
(661, 38)
(662, 35)
(663, 34)
(664, 38)
(665, 39)
(666, 38)
(667, 36)
(668, 34)
(669, 38)
(670, 36)
(671, 38)
(672, 39)
(673, 39)
(674, 39)
(675, 39)
(676, 38)
(677, 37)
(678, 38)
(679, 34)
(680, 36)
(681, 40)
(682, 39)
(683, 41)
(684, 36)
(685, 37)
(686, 38)
(687, 40)
(688, 35)
(689, 36)
(690, 39)
(691, 36)
(692, 38)
(693, 37)
(694, 39)
(695, 35)
(696, 36)
(697, 36)
(698, 38)
(699, 36)
(700, 38)
(701, 40)
(702, 38)
(703, 37)
(704, 40)
(705, 35)
(706, 37)
(707, 38)
(708, 34)
(709, 39)
(710, 38)
(711, 39)
(712, 40)
(713, 36)
(714, 37)
(715, 37)
(716, 39)
(717, 38)
(718, 41)
(719, 38)
(720, 37)
(721, 37)
(722, 40)
(723, 35)
(724, 37)
(725, 37)
(726, 39)
(727, 34)
(728, 39)
(729, 39)
(730, 32)
(731, 35)
(732, 37)
(733, 38)
(734, 40)
(735, 38)
(736, 37)
(737, 38)
(738, 36)
(739, 39)
(740, 37)
(741, 38)
(742, 38)
(743, 37)
(744, 38)
(745, 37)
(746, 38)
(747, 35)
(748, 40)
(749, 38)
(750, 36)
(751, 37)
(752, 39)
(753, 32)
(754, 38)
(755, 39)
(756, 40)
(757, 38)
(758, 38)
(759, 37)
(760, 39)
(761, 39)
(762, 40)
(763, 36)
(764, 40)
(765, 39)
(766, 39)
(767, 40)
(768, 35)
(769, 36)
(770, 32)
(771, 39)
(772, 39)
(773, 38)
(774, 37)
(775, 36)
(776, 40)
(777, 40)
(778, 35)
(779, 39)
(780, 41)
(781, 37)
(782, 40)
(783, 36)
(784, 36)
#GA RELOADED 2.0.1A RELOADED GRAPH OPENED Time: 19:32:56 Date: 02/08/20 LowPerTick.txt#
#GENETICAL ALGORITHM STANDART FUNCTION#
(1, 6)
(2, 8)
(3, 9)
(4, 10)
(5, 13)
(6, 12)
(7, 14)
(8, 14)
(9, 14)
(10, 13)
(11, 14)
(12, 15)
(13, 15)
(14, 14)
(15, 16)
(16, 15)
(17, 16)
(18, 16)
(19, 16)
(20, 17)
(21, 15)
(22, 16)
(23, 15)
(24, 16)
(25, 16)
(26, 17)
(27, 17)
(28, 17)
(29, 17)
(30, 16)
(31, 15)
(32, 17)
(33, 15)
(34, 15)
(35, 15)
(36, 16)
(37, 16)
(38, 16)
(39, 17)
(40, 17)
(41, 17)
(42, 16)
(43, 18)
(44, 17)
(45, 16)
(46, 16)
(47, 15)
(48, 17)
(49, 16)
(50, 16)
(51, 15)
(52, 17)
(53, 18)
(54, 16)
(55, 16)
(56, 16)
(57, 18)
(58, 17)
(59, 16)
(60, 18)
(61, 18)
(62, 16)
(63, 17)
(64, 16)
(65, 16)
(66, 16)
(67, 17)
(68, 16)
(69, 16)
(70, 16)
(71, 18)
(72, 17)
(73, 17)
(74, 17)
(75, 16)
(76, 17)
(77, 16)
(78, 16)
(79, 17)
(80, 16)
(81, 18)
(82, 16)
(83, 17)
(84, 17)
(85, 16)
(86, 17)
(87, 18)
(88, 17)
(89, 17)
(90, 18)
(91, 17)
(92, 18)
(93, 17)
(94, 16)
(95, 16)
(96, 16)
(97, 17)
(98, 17)
(99, 17)
(100, 17)