#G.A. 1.1.0 GRAPH STARTED Time: 11:39:04 Date: 01/13/20 FitStatPerTick.txt#
#GeneticalAlgorithmType-1#
(0, 45)
(1, 44)
(2, 47)
(3, 49)
(4, 46)
(5, 50)
(6, 55)
(7, 56)
(8, 53)
(9, 52)
(10, 54)
(11, 54)
(12, 58)
(13, 53)
(14, 54)
(15, 55)
(16, 56)
(17, 53)
(18, 49)
(19, 51)
(20, 52)
(21, 53)
(22, 50)
(23, 49)
(24, 53)
(25, 54)
(26, 52)
(27, 52)
(28, 50)
(29, 54)
(30, 51)
(31, 53)
(32, 52)
(33, 52)
(34, 53)
(35, 51)
(36, 52)
(37, 51)
(38, 48)
(39, 49)
(40, 51)
(41, 55)
(42, 53)
(43, 51)
(44, 52)
(45, 52)
(46, 51)
(47, 49)
(48, 52)
(49, 54)
(50, 50)
(51, 52)
(52, 52)
(53, 54)
(54, 52)
(55, 51)
(56, 49)
(57, 57)
(58, 57)
(59, 55)
(60, 55)
(61, 55)
(62, 57)
(63, 51)
(64, 54)
(65, 53)
(66, 53)
(67, 54)
(68, 52)
(69, 55)
(70, 49)
(71, 52)
(72, 53)
(73, 51)
(74, 51)
(75, 49)
(76, 53)
(77, 54)
(78, 53)
(79, 53)
(80, 53)
(81, 53)
(82, 52)
(83, 54)
(84, 52)
(85, 53)
(86, 53)
(87, 50)
(88, 54)
(89, 54)
(90, 52)
(91, 57)
(92, 53)
(93, 52)
(94, 56)
(95, 58)
(96, 56)
(97, 55)
(98, 56)
(99, 54)
(100, 53)
(101, 54)
(102, 53)
(103, 52)
(104, 51)
(105, 56)
(106, 56)
(107, 54)
(108, 54)
(109, 54)
(110, 56)
(111, 53)
(112, 55)
(113, 54)
(114, 52)
(115, 55)
(116, 55)
(117, 51)
(118, 51)
(119, 54)
(120, 54)
(121, 57)
(122, 54)
(123, 54)
(124, 52)
(125, 54)
(126, 53)
(127, 54)
(128, 54)
(129, 54)
(130, 51)
(131, 54)
(132, 46)
(133, 51)
(134, 51)
(135, 51)
(136, 52)
(137, 52)
(138, 54)
(139, 54)
(140, 54)
(141, 54)
(142, 52)
(143, 49)
(144, 50)
(145, 56)
(146, 56)
(147, 54)
(148, 54)
(149, 56)
(150, 53)
(151, 55)
(152, 54)
(153, 54)
(154, 54)
(155, 54)
(156, 56)
(157, 55)
(158, 53)
(159, 55)
(160, 57)
(161, 55)
(162, 58)
(163, 52)
(164, 56)
(165, 55)
(166, 52)
(167, 57)
(168, 54)
(169, 53)
(170, 56)
(171, 51)
(172, 55)
(173, 59)
(174, 56)
(175, 55)
(176, 53)
(177, 53)
(178, 55)
(179, 52)
(180, 52)
(181, 57)
(182, 49)
(183, 58)
(184, 55)
(185, 54)
(186, 54)
(187, 51)
(188, 53)
(189, 55)
(190, 53)
(191, 51)
(192, 50)
(193, 56)
(194, 51)
(195, 52)
(196, 51)
(197, 51)
(198, 50)
(199, 50)
(200, 52)
(201, 52)
(202, 53)
(203, 53)
(204, 55)
(205, 54)
(206, 54)
(207, 54)
(208, 54)
(209, 54)
(210, 53)
(211, 52)
(212, 55)
(213, 54)
(214, 55)
(215, 56)
(216, 51)
(217, 53)
(218, 55)
(219, 57)
(220, 54)
(221, 55)
(222, 53)
(223, 50)
(224, 51)
(225, 51)
(226, 53)
(227, 51)
(228, 52)
(229, 52)
(230, 50)
(231, 54)
(232, 52)
(233, 52)
(234, 53)
(235, 59)
(236, 55)
(237, 53)
(238, 53)
(239, 56)
(240, 55)
(241, 54)
(242, 55)
(243, 54)
(244, 54)
(245, 52)
(246, 55)
(247, 56)
(248, 55)
(249, 55)
(250, 57)
(251, 52)
(252, 54)
(253, 54)
(254, 52)
(255, 55)
(256, 56)
(257, 53)
(258, 53)
(259, 53)
(260, 53)
(261, 55)
(262, 53)
(263, 53)
(264, 56)
(265, 57)
(266, 58)
(267, 60)
(268, 54)
(269, 55)
(270, 53)
(271, 53)
(272, 55)
(273, 55)
(274, 51)
(275, 52)
(276, 56)
(277, 53)
(278, 54)
(279, 53)
(280, 54)
(281, 53)
(282, 53)
(283, 48)
(284, 52)
(285, 53)
(286, 49)
(287, 54)
(288, 54)
(289, 52)
(290, 53)
(291, 53)
(292, 52)
(293, 54)
(294, 51)
(295, 50)
(296, 52)
(297, 52)
(298, 48)
(299, 49)
(300, 51)
(301, 53)
(302, 50)
(303, 51)
(304, 54)
(305, 55)
(306, 53)
(307, 54)
(308, 51)
(309, 52)
(310, 52)
(311, 56)
(312, 50)
(313, 52)
(314, 53)
(315, 52)
(316, 52)
(317, 56)
(318, 58)
(319, 54)
(320, 54)
(321, 52)
(322, 51)
(323, 51)
(324, 52)
(325, 53)
(326, 51)
(327, 54)
(328, 53)
(329, 57)
(330, 53)
(331, 56)
(332, 54)
(333, 51)
(334, 55)
(335, 55)
(336, 53)
(337, 52)
(338, 53)
(339, 57)
(340, 55)
(341, 54)
(342, 55)
(343, 53)
(344, 52)
(345, 49)
(346, 55)
(347, 56)
(348, 54)
(349, 56)
(350, 56)
(351, 55)
(352, 52)
(353, 55)
(354, 54)
(355, 51)
(356, 52)
(357, 54)
(358, 52)
(359, 51)
(360, 51)
(361, 50)
(362, 54)
(363, 53)
(364, 52)
(365, 53)
(366, 54)
(367, 55)
(368, 50)
(369, 56)
(370, 53)
(371, 55)
(372, 52)
(373, 55)
(374, 53)
(375, 53)
(376, 50)
(377, 49)
(378, 53)
(379, 51)
(380, 55)
(381, 59)
(382, 54)
(383, 54)
(384, 53)
(385, 53)
(386, 53)
(387, 55)
(388, 57)
(389, 53)
(390, 50)
(391, 55)
(392, 53)
(393, 53)
(394, 55)
(395, 51)
(396, 50)
(397, 51)
(398, 53)
(399, 54)
(400, 54)
(401, 53)
(402, 54)
(403, 55)
(404, 57)
(405, 55)
(406, 56)
(407, 58)
(408, 57)
(409, 56)
(410, 53)
(411, 54)
(412, 54)
(413, 54)
(414, 56)
(415, 55)
(416, 56)
(417, 53)
(418, 51)
(419, 51)
(420, 50)
(421, 53)
(422, 48)
(423, 51)
(424, 52)
(425, 50)
(426, 49)
(427, 52)
(428, 53)
(429, 54)
(430, 52)
(431, 53)
(432, 52)
(433, 55)
(434, 52)
(435, 51)
(436, 49)
(437, 55)
(438, 54)
(439, 54)
(440, 57)
(441, 58)
(442, 55)
(443, 54)
(444, 53)
(445, 53)
(446, 51)
(447, 56)
(448, 53)
(449, 56)
(450, 55)
(451, 55)
(452, 50)
(453, 51)
(454, 49)
(455, 51)
(456, 52)
(457, 53)
(458, 49)
(459, 54)
(460, 54)
(461, 51)
(462, 51)
(463, 48)
(464, 52)
(465, 53)
(466, 52)
(467, 52)
(468, 53)
(469, 57)
(470, 55)
(471, 56)
(472, 55)
(473, 51)
(474, 51)
(475, 53)
(476, 56)
(477, 53)
(478, 51)
(479, 55)
(480, 57)
(481, 53)
(482, 52)
(483, 54)
(484, 53)
(485, 51)
(486, 53)
(487, 53)
(488, 55)
(489, 54)
(490, 52)
(491, 51)
(492, 53)
(493, 53)
(494, 53)
(495, 52)
(496, 53)
(497, 53)
(498, 51)
(499, 53)
(500, 54)
(501, 53)
(502, 56)
(503, 52)
(504, 56)
(505, 53)
(506, 55)
(507, 52)
(508, 50)
(509, 52)
(510, 50)
(511, 53)
(512, 56)
(513, 57)
(514, 55)
(515, 56)
(516, 57)
(517, 54)
(518, 55)
(519, 55)
(520, 53)
(521, 52)
(522, 50)
(523, 55)
(524, 54)
(525, 51)
(526, 54)
(527, 52)
(528, 49)
(529, 53)
(530, 56)
(531, 54)
(532, 56)
(533, 53)
(534, 53)
(535, 54)
(536, 56)
(537, 54)
(538, 54)
(539, 56)
(540, 55)
(541, 54)
(542, 53)
(543, 55)
(544, 50)
(545, 56)
(546, 50)
(547, 54)
(548, 53)
(549, 54)
(550, 56)
(551, 56)
(552, 54)
(553, 52)
(554, 56)
(555, 55)
(556, 56)
(557, 54)
(558, 53)
(559, 51)
(560, 57)
(561, 56)
(562, 57)
(563, 53)
(564, 53)
(565, 51)
(566, 53)
(567, 51)
(568, 55)
(569, 54)
(570, 51)
(571, 51)
(572, 51)
(573, 55)
(574, 54)
(575, 54)
(576, 53)
(577, 53)
(578, 52)
(579, 51)
(580, 55)
(581, 58)
(582, 55)
(583, 55)
(584, 55)
(585, 54)
(586, 55)
(587, 55)
(588, 54)
(589, 55)
(590, 52)
(591, 58)
(592, 56)
(593, 53)
(594, 57)
(595, 57)
(596, 57)
(597, 56)
(598, 50)
(599, 54)
(600, 54)
(601, 54)
(602, 56)
(603, 53)
(604, 50)
(605, 53)
(606, 49)
(607, 51)
(608, 54)
(609, 54)
(610, 51)
(611, 53)
(612, 54)
(613, 55)
(614, 53)
(615, 53)
(616, 55)
(617, 50)
(618, 55)
(619, 52)
(620, 53)
(621, 54)
(622, 56)
(623, 55)
(624, 57)
(625, 54)
(626, 54)
(627, 53)
(628, 57)
(629, 50)
(630, 52)
(631, 52)
(632, 50)
(633, 52)
(634, 51)
(635, 53)
(636, 55)
(637, 55)
(638, 52)
(639, 54)
(640, 53)
(641, 53)
(642, 54)
(643, 55)
(644, 52)
(645, 52)
(646, 51)
(647, 54)
(648, 53)
(649, 58)
(650, 55)
(651, 54)
(652, 54)
(653, 56)
(654, 58)
(655, 56)
(656, 56)
(657, 54)
(658, 51)
(659, 54)
(660, 52)
(661, 54)
(662, 50)
(663, 52)
(664, 50)
(665, 51)
(666, 52)
(667, 53)
(668, 51)
(669, 51)
(670, 55)
(671, 55)
(672, 51)
(673, 51)
(674, 55)
(675, 56)
(676, 54)
(677, 54)
(678, 55)
(679, 57)
(680, 55)
(681, 54)
(682, 53)
(683, 55)
(684, 53)
(685, 54)
(686, 52)
(687, 54)
(688, 56)
(689, 54)
(690, 57)
(691, 56)
(692, 54)
(693, 53)
(694, 54)
(695, 52)
(696, 52)
(697, 54)
(698, 55)
(699, 55)
(700, 55)
(701, 50)
(702, 57)
(703, 52)
(704, 53)
(705, 53)
(706, 55)
(707, 53)
(708, 53)
(709, 49)
(710, 49)
(711, 53)
(712, 51)
(713, 52)
(714, 53)
(715, 53)
(716, 53)
(717, 57)
(718, 54)
(719, 55)
(720, 57)
(721, 53)
(722, 58)
(723, 54)
(724, 57)
(725, 57)
(726, 55)
(727, 56)
(728, 56)
(729, 53)
(730, 56)
(731, 55)
(732, 55)
(733, 52)
(734, 53)
(735, 55)
(736, 57)
(737, 55)
(738, 55)
(739, 56)
(740, 53)
(741, 53)
(742, 54)
(743, 51)
(744, 54)
(745, 55)
(746, 53)
(747, 50)
(748, 52)
(749, 55)
(750, 52)
(751, 54)
(752, 56)
(753, 56)
(754, 52)
(755, 54)
(756, 54)
(757, 53)
(758, 55)
(759, 54)
(760, 54)
(761, 53)
(762, 56)
(763, 53)
(764, 54)
(765, 52)
(766, 58)
(767, 56)
(768, 50)
(769, 56)
(770, 54)
(771, 54)
(772, 50)
(773, 51)
(774, 54)
(775, 52)
(776, 54)
(777, 52)
(778, 52)
(779, 54)
(780, 49)
(781, 55)
(782, 56)
(783, 55)
(784, 58)
(785, 54)
(786, 55)
(787, 53)
(788, 55)
(789, 55)
(790, 51)
(791, 53)
(792, 55)
(793, 55)
(794, 54)
(795, 56)
(796, 53)
(797, 55)
(798, 53)
(799, 53)
(800, 56)
(801, 56)
(802, 56)
(803, 51)
(804, 56)
(805, 54)
(806, 55)
(807, 54)
(808, 53)
(809, 52)
(810, 53)
(811, 52)
(812, 49)
(813, 52)
(814, 49)
(815, 54)
(816, 55)
(817, 54)
(818, 57)
(819, 51)
(820, 54)
(821, 55)
(822, 55)
(823, 60)
(824, 52)
(825, 51)
(826, 56)
(827, 53)
(828, 53)
(829, 53)
(830, 50)
(831, 51)
(832, 54)
(833, 55)
(834, 56)
(835, 51)
(836, 53)
(837, 53)
(838, 53)
(839, 54)
(840, 53)
(841, 53)
(842, 53)
(843, 57)
(844, 55)
(845, 50)
(846, 57)
(847, 56)
(848, 52)
(849, 56)
(850, 55)
(851, 53)
(852, 52)
(853, 51)
(854, 53)
(855, 53)
(856, 53)
(857, 49)
(858, 52)
(859, 53)
(860, 50)
(861, 50)
(862, 50)
(863, 53)
(864, 52)
(865, 51)
(866, 52)
(867, 51)
(868, 53)
(869, 50)
(870, 50)
(871, 47)
(872, 53)
(873, 52)
(874, 54)
(875, 55)
(876, 56)
(877, 54)
(878, 51)
(879, 52)
(880, 52)
(881, 51)
(882, 56)
(883, 52)
(884, 55)
(885, 55)
(886, 54)
(887, 49)
(888, 53)
(889, 52)
(890, 51)
(891, 52)
(892, 52)
(893, 50)
(894, 52)
(895, 54)
(896, 53)
(897, 55)
(898, 48)
(899, 55)
(900, 58)
(901, 56)
(902, 57)
(903, 57)
(904, 56)
(905, 55)
(906, 58)
(907, 54)
(908, 54)
(909, 55)
(910, 56)
(911, 58)
(912, 56)
(913, 53)
(914, 54)
(915, 54)
(916, 54)
(917, 52)
(918, 51)
(919, 51)
(920, 52)
(921, 52)
(922, 53)
(923, 56)
(924, 54)
(925, 55)
(926, 52)
(927, 55)
(928, 52)
(929, 54)
(930, 52)
(931, 52)
(932, 52)
(933, 51)
(934, 51)
(935, 55)
(936, 53)
(937, 54)
(938, 53)
(939, 54)
(940, 53)
(941, 54)
(942, 53)
(943, 52)
(944, 54)
(945, 51)
(946, 54)
(947, 56)
(948, 55)
(949, 54)
(950, 57)
(951, 56)
(952, 54)
(953, 54)
(954, 56)
(955, 54)
(956, 52)
(957, 51)
(958, 55)
(959, 55)
(960, 54)
(961, 56)
(962, 55)
(963, 51)
(964, 55)
(965, 56)
(966, 53)
(967, 57)
(968, 57)
(969, 55)
(970, 53)
(971, 58)
(972, 56)
(973, 58)
(974, 57)
(975, 57)
(976, 55)
(977, 53)
(978, 56)
(979, 49)
(980, 54)
(981, 50)
(982, 55)
(983, 54)
(984, 54)
(985, 56)
(986, 54)
(987, 56)
(988, 53)
(989, 55)
(990, 55)
(991, 55)
(992, 56)
(993, 54)
(994, 53)
(995, 57)
(996, 57)
(997, 58)
(998, 51)
(999, 51)
(1000, 50)
(1001, 54)
(1002, 51)
(1003, 53)
(1004, 51)
(1005, 50)
(1006, 51)
(1007, 53)
(1008, 55)
(1009, 51)
(1010, 52)
(1011, 54)
(1012, 53)
(1013, 52)
(1014, 53)
(1015, 56)
(1016, 56)
(1017, 55)
(1018, 53)
(1019, 53)
(1020, 55)
(1021, 53)
(1022, 55)
(1023, 55)
(1024, 55)
(1025, 51)
(1026, 56)
(1027, 54)
(1028, 53)
(1029, 59)
(1030, 57)
(1031, 57)
(1032, 58)
(1033, 51)
(1034, 57)
(1035, 57)
(1036, 56)
(1037, 58)
(1038, 58)
(1039, 53)
(1040, 56)
(1041, 55)
(1042, 58)
(1043, 58)
(1044, 59)
(1045, 55)
(1046, 56)
(1047, 57)
(1048, 57)
(1049, 55)
(1050, 54)
(1051, 58)
(1052, 50)
(1053, 56)
(1054, 55)
(1055, 55)
(1056, 53)
(1057, 54)
(1058, 55)
(1059, 56)
(1060, 54)
(1061, 53)
(1062, 53)
(1063, 56)
(1064, 53)
(1065, 52)
(1066, 53)
(1067, 50)
(1068, 52)
(1069, 53)
(1070, 54)
(1071, 55)
(1072, 56)
(1073, 53)
(1074, 55)
(1075, 54)
(1076, 56)
(1077, 55)
(1078, 56)
(1079, 51)
(1080, 52)
(1081, 51)
(1082, 54)
(1083, 52)
(1084, 55)
(1085, 54)
(1086, 54)
(1087, 54)
(1088, 56)
(1089, 57)
(1090, 57)
(1091, 58)
(1092, 54)
(1093, 51)
(1094, 55)
(1095, 55)
(1096, 55)
(1097, 52)
(1098, 52)
(1099, 49)
(1100, 52)
(1101, 54)
(1102, 53)
(1103, 52)
(1104, 54)
(1105, 58)
(1106, 56)
(1107, 54)
(1108, 52)
(1109, 57)
(1110, 59)
(1111, 58)
(1112, 58)
(1113, 59)
(1114, 59)
(1115, 59)
(1116, 55)
(1117, 58)
(1118, 55)
(1119, 56)
(1120, 56)
(1121, 54)
(1122, 56)
(1123, 55)
(1124, 54)
(1125, 56)
(1126, 55)
(1127, 51)
(1128, 49)
(1129, 50)
(1130, 51)
(1131, 51)
(1132, 51)
(1133, 51)
(1134, 52)
(1135, 52)
(1136, 52)
(1137, 55)
(1138, 52)
(1139, 55)
(1140, 53)
(1141, 55)
(1142, 54)
(1143, 55)
(1144, 51)
(1145, 51)
(1146, 54)
(1147, 53)
(1148, 52)
(1149, 51)
(1150, 52)
(1151, 50)
(1152, 54)
(1153, 54)
(1154, 53)
(1155, 53)
(1156, 50)
(1157, 58)
(1158, 54)
(1159, 55)
(1160, 57)
(1161, 55)
(1162, 56)
(1163, 56)
(1164, 54)
(1165, 56)
(1166, 57)
(1167, 57)
(1168, 51)
(1169, 55)
(1170, 55)
(1171, 57)
(1172, 58)
(1173, 59)
(1174, 58)
(1175, 54)
(1176, 54)
(1177, 56)
(1178, 51)
(1179, 56)
(1180, 58)
(1181, 54)
(1182, 50)
(1183, 55)
(1184, 53)
(1185, 53)
(1186, 53)
(1187, 55)
(1188, 55)
(1189, 52)
(1190, 55)
(1191, 54)
(1192, 53)
(1193, 54)
(1194, 55)
(1195, 55)
(1196, 55)
(1197, 55)
(1198, 55)
(1199, 54)
(1200, 53)
(1201, 57)
(1202, 55)
(1203, 53)
(1204, 58)
(1205, 58)
(1206, 57)
(1207, 56)
(1208, 53)
(1209, 56)
(1210, 56)
(1211, 56)
(1212, 52)
(1213, 55)
(1214, 53)
(1215, 52)
(1216, 53)
(1217, 55)
(1218, 52)
(1219, 56)
(1220, 54)
(1221, 54)
(1222, 51)
(1223, 53)
(1224, 55)
(1225, 53)
(1226, 53)
(1227, 54)
(1228, 54)
(1229, 54)
(1230, 56)
(1231, 54)
(1232, 51)
(1233, 49)
(1234, 50)
(1235, 52)
(1236, 52)
(1237, 52)
(1238, 51)
(1239, 54)
(1240, 53)
(1241, 53)
(1242, 52)
(1243, 50)
(1244, 48)
(1245, 52)
(1246, 49)
(1247, 46)
(1248, 51)
(1249, 49)
(1250, 54)
(1251, 54)
(1252, 53)
(1253, 56)
(1254, 53)
(1255, 56)
(1256, 54)
(1257, 51)
(1258, 57)
(1259, 51)
(1260, 50)
(1261, 54)
(1262, 54)
(1263, 53)
(1264, 54)
(1265, 50)
(1266, 50)
(1267, 52)
(1268, 52)
(1269, 57)
(1270, 49)
(1271, 54)
(1272, 53)
(1273, 54)
(1274, 56)
(1275, 54)
(1276, 53)
(1277, 55)
(1278, 56)
(1279, 54)
(1280, 48)
(1281, 54)
(1282, 52)
(1283, 50)
(1284, 52)
(1285, 51)
(1286, 52)
(1287, 51)
(1288, 52)
(1289, 53)
(1290, 52)
(1291, 54)
(1292, 51)
(1293, 54)
(1294, 55)
(1295, 51)
(1296, 53)
(1297, 54)
(1298, 53)
(1299, 51)
(1300, 50)
(1301, 49)
(1302, 49)
(1303, 51)
(1304, 50)
(1305, 51)
(1306, 47)
(1307, 51)
(1308, 52)
(1309, 53)
(1310, 53)
(1311, 57)
(1312, 56)
(1313, 53)
(1314, 55)
(1315, 53)
(1316, 54)
(1317, 57)
(1318, 53)
(1319, 56)
(1320, 56)
(1321, 54)
(1322, 49)
(1323, 55)
(1324, 55)
(1325, 54)
(1326, 51)
(1327, 52)
(1328, 51)
(1329, 52)
(1330, 51)
(1331, 52)
(1332, 54)
(1333, 52)
(1334, 54)
(1335, 57)
(1336, 54)
(1337, 54)
(1338, 56)
(1339, 55)
(1340, 54)
(1341, 56)
(1342, 53)
(1343, 53)
(1344, 56)
(1345, 57)
(1346, 58)
(1347, 56)
(1348, 53)
(1349, 55)
(1350, 55)
(1351, 53)
(1352, 51)
(1353, 53)
(1354, 50)
(1355, 52)
(1356, 50)
(1357, 52)
(1358, 54)
(1359, 55)
(1360, 54)
(1361, 57)
(1362, 55)
(1363, 53)
(1364, 56)
(1365, 53)
(1366, 54)
(1367, 51)
(1368, 51)
(1369, 51)
(1370, 55)
(1371, 53)
(1372, 54)
(1373, 56)
(1374, 52)
(1375, 55)
(1376, 57)
(1377, 55)
(1378, 54)
(1379, 52)
(1380, 51)
(1381, 53)
(1382, 53)
(1383, 55)
(1384, 54)
(1385, 57)
(1386, 56)
(1387, 54)
(1388, 54)
(1389, 56)
(1390, 56)
(1391, 54)
(1392, 54)
(1393, 54)
(1394, 54)
(1395, 57)
(1396, 56)
(1397, 55)
(1398, 52)
(1399, 57)
(1400, 56)
(1401, 54)
(1402, 58)
(1403, 54)
(1404, 51)
(1405, 52)
(1406, 55)
(1407, 54)
(1408, 57)
(1409, 56)
(1410, 56)
(1411, 57)
(1412, 55)
(1413, 56)
(1414, 51)
(1415, 57)
(1416, 53)
(1417, 54)
(1418, 50)
(1419, 54)
(1420, 54)
(1421, 50)
(1422, 53)
(1423, 52)
(1424, 54)
(1425, 52)
(1426, 50)
(1427, 52)
(1428, 50)
(1429, 50)
(1430, 52)
(1431, 55)
(1432, 58)
(1433, 53)
(1434, 53)
(1435, 53)
(1436, 54)
(1437, 53)
(1438, 53)
(1439, 56)
(1440, 52)
(1441, 53)
(1442, 55)
(1443, 54)
(1444, 51)
(1445, 53)
(1446, 55)
(1447, 54)
(1448, 57)
(1449, 52)
(1450, 53)
(1451, 55)
(1452, 54)
(1453, 54)
(1454, 54)
(1455, 57)
(1456, 51)
(1457, 54)
(1458, 50)
(1459, 52)
(1460, 50)
(1461, 54)
(1462, 52)
(1463, 55)
(1464, 55)
(1465, 54)
(1466, 56)
(1467, 52)
(1468, 47)
(1469, 53)
(1470, 52)
(1471, 54)
(1472, 53)
(1473, 54)
(1474, 51)
(1475, 51)
(1476, 55)
(1477, 58)
(1478, 55)
(1479, 56)
(1480, 55)
(1481, 53)
(1482, 55)
(1483, 55)
(1484, 52)
(1485, 51)
(1486, 53)
(1487, 54)
(1488, 54)
(1489, 52)
(1490, 53)
(1491, 51)
(1492, 54)
(1493, 53)
(1494, 52)
(1495, 52)
(1496, 53)
(1497, 55)
(1498, 52)
(1499, 52)
(1500, 51)
(1501, 52)
(1502, 51)
(1503, 50)
(1504, 53)
(1505, 54)
(1506, 54)
(1507, 54)
(1508, 50)
(1509, 57)
(1510, 54)
(1511, 52)
(1512, 56)
(1513, 56)
(1514, 54)
(1515, 54)
(1516, 52)
(1517, 55)
(1518, 53)
(1519, 55)
(1520, 55)
(1521, 58)
(1522, 55)
(1523, 59)
(1524, 54)
(1525, 54)
(1526, 55)
(1527, 53)
(1528, 51)
(1529, 53)
(1530, 54)
(1531, 55)
(1532, 52)
(1533, 54)
(1534, 49)
(1535, 53)
(1536, 50)
(1537, 52)
(1538, 52)
(1539, 57)
(1540, 56)
(1541, 57)
(1542, 57)
(1543, 53)
(1544, 54)
(1545, 58)
(1546, 53)
(1547, 52)
(1548, 54)
(1549, 54)
(1550, 59)
(1551, 55)
(1552, 54)
(1553, 53)
(1554, 53)
(1555, 52)
(1556, 53)
(1557, 54)
(1558, 52)
(1559, 56)
(1560, 57)
(1561, 54)
(1562, 53)
(1563, 51)
(1564, 50)
(1565, 53)
(1566, 51)
(1567, 51)
(1568, 53)
(1569, 54)
(1570, 54)
(1571, 53)
(1572, 55)
(1573, 55)
(1574, 55)
(1575, 52)
(1576, 55)
(1577, 56)
(1578, 56)
(1579, 54)
(1580, 54)
(1581, 56)
(1582, 57)
(1583, 55)
(1584, 56)
(1585, 57)
(1586, 53)
(1587, 51)
(1588, 53)
(1589, 54)
(1590, 57)
(1591, 53)
(1592, 56)
(1593, 54)
(1594, 56)
(1595, 57)
(1596, 55)
(1597, 57)
(1598, 53)
(1599, 50)
(1600, 51)
(1601, 51)
(1602, 50)
(1603, 50)
(1604, 53)
(1605, 50)
(1606, 50)
(1607, 53)
(1608, 56)
(1609, 57)
(1610, 52)
(1611, 53)
(1612, 53)
(1613, 51)
(1614, 52)
(1615, 56)
(1616, 52)
(1617, 51)
(1618, 54)
(1619, 49)
(1620, 53)
(1621, 53)
(1622, 52)
(1623, 50)
(1624, 50)
(1625, 50)
(1626, 50)
(1627, 49)
(1628, 51)
(1629, 53)
(1630, 50)
(1631, 55)
(1632, 52)
(1633, 56)
(1634, 54)
(1635, 54)
(1636, 53)
(1637, 50)
(1638, 51)
(1639, 52)
(1640, 54)
(1641, 53)
(1642, 54)
(1643, 52)
(1644, 54)
(1645, 55)
(1646, 56)
(1647, 49)
(1648, 52)
(1649, 49)
(1650, 54)
(1651, 54)
(1652, 56)
(1653, 52)
(1654, 54)
(1655, 53)
(1656, 53)
(1657, 55)
(1658, 55)
(1659, 54)
(1660, 50)
(1661, 53)
(1662, 53)
(1663, 53)
(1664, 52)
(1665, 53)
(1666, 55)
(1667, 52)
(1668, 52)
(1669, 54)
(1670, 55)
(1671, 55)
(1672, 54)
(1673, 54)
(1674, 54)
(1675, 53)
(1676, 52)
(1677, 56)
(1678, 51)
(1679, 52)
(1680, 54)
(1681, 49)
(1682, 52)
(1683, 52)
(1684, 51)
(1685, 57)
(1686, 53)
(1687, 55)
(1688, 53)
(1689, 51)
(1690, 53)
(1691, 57)
(1692, 55)
(1693, 58)
(1694, 56)
(1695, 54)
(1696, 54)
(1697, 56)
(1698, 54)
(1699, 53)
(1700, 52)
(1701, 54)
(1702, 53)
(1703, 50)
(1704, 55)
(1705, 50)
(1706, 54)
(1707, 54)
(1708, 55)
(1709, 52)
(1710, 52)
(1711, 53)
(1712, 54)
(1713, 54)
(1714, 54)
(1715, 50)
(1716, 56)
(1717, 56)
(1718, 55)
(1719, 56)
(1720, 54)
(1721, 56)
(1722, 55)
(1723, 53)
(1724, 54)
(1725, 57)
(1726, 53)
(1727, 55)
(1728, 55)
(1729, 54)
(1730, 52)
(1731, 55)
(1732, 54)
(1733, 55)
(1734, 52)
(1735, 53)
(1736, 48)
(1737, 52)
(1738, 53)
(1739, 52)
(1740, 49)
(1741, 49)
(1742, 50)
(1743, 50)
(1744, 51)
(1745, 53)
(1746, 53)
(1747, 53)
(1748, 51)
(1749, 53)
(1750, 52)
(1751, 55)
(1752, 55)
(1753, 54)
(1754, 53)
(1755, 55)
(1756, 55)
(1757, 51)
(1758, 54)
(1759, 58)
(1760, 56)
(1761, 51)
(1762, 53)
(1763, 56)
(1764, 53)
(1765, 54)
(1766, 50)
(1767, 51)
(1768, 50)
(1769, 51)
(1770, 52)
(1771, 54)
(1772, 51)
(1773, 55)
(1774, 52)
(1775, 53)
(1776, 55)
(1777, 51)
(1778, 51)
(1779, 54)
(1780, 55)
(1781, 54)
(1782, 55)
(1783, 56)
(1784, 56)
(1785, 55)
(1786, 54)
(1787, 53)
(1788, 57)
(1789, 53)
(1790, 59)
(1791, 56)
(1792, 55)
(1793, 53)
(1794, 52)
(1795, 52)
(1796, 56)
(1797, 57)
(1798, 55)
(1799, 57)
(1800, 55)
(1801, 54)
(1802, 54)
(1803, 56)
(1804, 52)
(1805, 53)
(1806, 53)
(1807, 53)
(1808, 55)
(1809, 50)
(1810, 54)
(1811, 53)
(1812, 52)
(1813, 54)
(1814, 52)
(1815, 52)
(1816, 54)
(1817, 51)
(1818, 50)
(1819, 50)
(1820, 55)
(1821, 54)
(1822, 52)
(1823, 51)
(1824, 51)
(1825, 51)
(1826, 50)
(1827, 53)
(1828, 55)
(1829, 53)
(1830, 55)
(1831, 52)
(1832, 50)
(1833, 52)
(1834, 58)
(1835, 55)
(1836, 53)
(1837, 55)
(1838, 53)
(1839, 52)
(1840, 52)
(1841, 56)
(1842, 56)
(1843, 56)
(1844, 57)
(1845, 56)
(1846, 54)
(1847, 54)
(1848, 56)
(1849, 54)
(1850, 56)
(1851, 55)
(1852, 56)
(1853, 53)
(1854, 56)
(1855, 59)
(1856, 54)
(1857, 54)
(1858, 55)
(1859, 56)
(1860, 56)
(1861, 52)
(1862, 54)
(1863, 53)
(1864, 55)
(1865, 55)
(1866, 52)
(1867, 55)
(1868, 52)
(1869, 51)
(1870, 53)
(1871, 50)
(1872, 56)
(1873, 55)
(1874, 57)
(1875, 56)
(1876, 55)
(1877, 56)
(1878, 54)
(1879, 52)
(1880, 51)
(1881, 54)
(1882, 51)
(1883, 52)
(1884, 55)
(1885, 57)
(1886, 56)
(1887, 53)
(1888, 54)
(1889, 52)
(1890, 55)
(1891, 52)
(1892, 53)
(1893, 53)
(1894, 52)
(1895, 54)
(1896, 54)
(1897, 53)
(1898, 56)
(1899, 58)
(1900, 56)
(1901, 59)
(1902, 51)
(1903, 52)
(1904, 54)
(1905, 51)
(1906, 55)
(1907, 52)
(1908, 53)
(1909, 55)
(1910, 50)
(1911, 56)
(1912, 57)
(1913, 54)
(1914, 55)
(1915, 55)
(1916, 54)
(1917, 58)
(1918, 57)
(1919, 54)
(1920, 54)
(1921, 51)
(1922, 58)
(1923, 55)
(1924, 54)
(1925, 54)
(1926, 52)
(1927, 54)
(1928, 52)
(1929, 55)
(1930, 51)
(1931, 53)
(1932, 57)
(1933, 50)
(1934, 54)
(1935, 57)
(1936, 52)
(1937, 53)
(1938, 52)
(1939, 55)
(1940, 56)
(1941, 53)
(1942, 53)
(1943, 51)
(1944, 55)
(1945, 53)
(1946, 53)
(1947, 55)
(1948, 57)
(1949, 56)
(1950, 54)
(1951, 54)
(1952, 56)
(195#G.A. 1.1.0 GRAPH STARTED Time: 15:01:22 Date: 01/13/20 FitStatPerTick.txt##G.A. 1.1.0 GRAPH STARTED Time: 15:36:13 Date: 01/13/20 FitStatPerTick.txt#
#GeneticalAlgorithmType-1#
(0, 4)
(1, 5)
(2, 6)
(3, 6)
(4, 5)
(5, 6)
(6, 5)
(7, 5)
(8, 5)
(9, 6)
(10, 6)
(11, 5)
(12, 5)
(13, 5)
(14, 4)
(15, 4)
(16, 5)
(17, 5)
(18, 5)
(19, 4)
(20, 6)
(21, 5)
(22, 6)
(23, 6)
(24, 6)
(25, 6)
(26, 7)
(27, 6)
(28, 6)
(29, 6)
(30, 7)
(31, 6)
(32, 5)
(33, 5)
(34, 5)
(35, 5)
(36, 6)
(37, 5)
(38, 6)
(39, 5)
(40, 7)
(41, 6)
(41, 6)
(41, 6)
(42, 6)
(43, 6)
(44, 6)
(45, 6)
(46, 6)
(47, 6)
(48, 6)
(49, 6)
(50, 6)
(51, 5)
(52, 6)
(53, 6)
(54, 7)
(55, 6)
(56, 6)
(57, 6)
(58, 6)
(59, 5)
(60, 5)
(61, 6)
(62, 5)
(63, 6)
(64, 6)
(65, 5)
(66, 5)
(67, 5)
(68, 6)
(69, 6)
(70, 6)
(71, 5)
(72, 5)
(73, 6)
(74, 6)
(75, 6)
(76, 6)
(77, 5)
(78, 5)
(79, 6)
(80, 5)
(81, 6)
(82, 6)
(83, 7)
(84, 6)
(85, 7)
(86, 6)
(87, 5)
(88, 6)
(89, 6)
(90, 6)
(91, 6)
(92, 6)
(93, 6)
(94, 7)
(95, 6)
(96, 6)
(97, 6)
(98, 6)
(99, 5)
(100, 6)
(101, 6)
(102, 6)
(103, 5)
(104, 6)
(105, 6)
(106, 6)
(107, 5)
(108, 7)
(109, 6)
(110, 6)
(111, 6)
(112, 6)
(113, 6)
(114, 5)
(115, 5)
(116, 5)
(117, 6)
(118, 5)
(119, 6)
(120, 6)
(121, 7)
(122, 6)
(123, 6)
(124, 7)
(125, 7)
(126, 5)
(127, 6)
(128, 5)
(129, 7)
(130, 7)
(131, 7)
(132, 6)
(133, 6)
(134, 6)
(135, 6)
(136, 7)
(137, 5)
(138, 7)
(139, 6)
(140, 6)
(141, 5)
(142, 5)
(143, 6)
(144, 6)
(145, 5)
(146, 5)
(147, 6)
(148, 6)
(149, 6)
(150, 6)
(151, 6)
(152, 5)
(153, 6)
(154, 7)
(155, 6)
(156, 6)
(157, 7)
(157, 7)
(157, 7)
(158, 6)
(159, 5)
(160, 5)
(161, 5)
(162, 5)
(163, 6)
(164, 5)
(165, 5)
(166, 6)
(167, 5)
(168, 5)
(169, 4)
(170, 6)
(171, 6)
(172, 5)
(173, 5)
(174, 7)
(175, 5)
(176, 5)
(177, 6)
(178, 6)
(179, 7)
(179, 7)
(180, 6)
(181, 6)
(182, 6)
(183, 7)
(184, 6)
(185, 5)
(186, 6)
(187, 5)
(188, 6)
(189, 6)
(190, 6)
(191, 6)
(192, 7)
(193, 6)
(194, 6)
(195, 6)
(196, 5)
(197, 6)
(198, 6)
(199, 5)
(200, 4)
(201, 6)
(202, 6)
(203, 5)
(204, 5)
(205, 5)
(206, 5)
(207, 5)
(208, 5)
(209, 5)
(210, 6)
(211, 6)
(212, 5)
(213, 6)
(214, 6)
(215, 7)
(216, 7)
(217, 6)
(218, 6)
(219, 7)
(220, 6)
(221, 6)
(222, 7)
(223, 7)
(224, 6)
(225, 6)
(225, 6)
(226, 7)
(227, 6)
(228, 6)
(229, 6)
(230, 6)
(231, 5)
(232, 6)
(233, 7)
(233, 7)
(233, 7)
(233, 7)
(233, 7)
(234, 6)
(235, 8)
(236, 6)
(237, 7)
(238, 7)
(239, 6)
(240, 7)
(241, 7)
(242, 5)
(243, 6)
(244, 5)
(245, 7)
(246, 7)
(247, 6)
(248, 7)
(249, 7)
(250, 6)
(251, 6)
(252, 6)
(253, 5)
(254, 7)
(255, 6)
(256, 5)
(257, 6)
(258, 5)
(259, 6)
(260, 6)
(261, 6)
(262, 6)
(263, 5)
(264, 7)
(265, 6)
(266, 6)
(267, 5)
(268, 6)
(269, 6)
(270, 7)
(271, 7)
(272, 6)
(273, 6)
(274, 6)
(275, 6)
(276, 7)
(277, 6)
(278, 5)
(279, 6)
(280, 6)
(281, 6)
(282, 6)
(283, 6)
(284, 6)
(285, 6)
(286, 7)
(287, 7)
(288, 6)
(289, 6)
(290, 7)
(291, 6)
(292, 7)
(293, 7)
(294, 6)
(295, 6)
(296, 5)
(297, 5)
(298, 5)
(299, 5)
(300, 7)
(301, 7)
(302, 7)
(303, 6)
(304, 7)
(304, 7)
(305, 7)
(306, 6)
(307, 6)
(308, 5)
(309, 6)
(310, 5)
(311, 5)
(312, 6)
(313, 5)
(314, 5)
(315, 6)
(316, 6)
(317, 7)
(318, 7)
(319, 7)
(320, 7)
(321, 6)
(322, 6)
(323, 6)
(324, 6)
(325, 5)
(326, 6)
(327, 5)
(328, 6)
(329, 6)
(330, 6)
(331, 6)
(332, 7)
(333, 7)
(334, 7)
(335, 7)
(336, 7)
(337, 7)
(338, 6)
(339, 7)
(340, 7)
(341, 6)
(342, 6)
(343, 6)
(344, 6)
(345, 5)
(346, 6)
(347, 6)
(348, 5)
(349, 5)
(350, 4)
(351, 5)
(352, 6)
(353, 6)
(354, 6)
(355, 5)
(356, 7)
(357, 6)
(358, 6)
(359, 7)
(359, 7)
(359, 7)
(359, 7)
(359, 7)
(360, 7)
(361, 6)
(362, 5)
(363, 6)
(364, 7)
(365, 6)
(366, 6)
(367, 6)
(368, 7)
(369, 6)
(370, 7)
(371, 6)
(372, 6)
(373, 7)
(374, 5)
(375, 6)
(376, 6)
(376, 6)
(377, 6)
(378, 7)
(379, 6)
(380, 7)
(381, 7)
(382, 6)
(383, 6)
(384, 6)
(385, 6)
(386, 6)
(387, 6)
(388, 5)
(389, 5)
(390, 5)
(391, 5)
(392, 6)
(393, 5)
(394, 5)
(395, 5)
(396, 5)
(397, 6)
(398, 7)
(399, 6)
(400, 5)
(401, 6)
(402, 5)
(403, 6)
(404, 6)
(405, 6)
(406, 6)
(407, 6)
(408, 6)
(409, 7)
(410, 6)
(411, 6)
(412, 6)
(413, 6)
(414, 5)
(415, 4)
(416, 5)
(417, 5)
(418, 6)
(419, 6)
(420, 5)
(421, 6)
(422, 6)
(423, 6)
(424, 5)
(425, 5)
(426, 4)
(427, 4)
(428, 5)
(429, 7)
(430, 7)
(431, 5)
(432, 5)
(433, 6)
(434, 5)
(435, 7)
(436, 6)
(437, 6)
(438, 7)
(439, 6)
(#G.A. 1.1.0 GRAPH STARTED Time: 08:01:03 Date: 01/15/20 FitStatPerTick.txt##G.A. 1.1.0 GRAPH STARTED Time: 16:01:36 Date: 01/15/20 FitStatPerTick.txt##G.A. 1.1.0 GRAPH STARTED Time: 16:02:54 Date: 01/15/20 FitStatPerTick.txt##G.A. 1.1.0 GRAPH STARTED Time: 16:32:56 Date: 01/15/20 FitStatPerTick.txt##G.A. 1.1.0 GRAPH STARTED Time: 16:40:20 Date: 01/15/20 FitStatPerTick.txt##G.A. 1.1.0 GRAPH STARTED Time: 16:52:13 Date: 01/15/20 FitStatPerTick.txt##G.A. 1.1.0B GRAPH STARTED Time: 13:13:53 Date: 01/18/20 FitStatPerTick.txt##G.A. 1.1.0B GRAPH STARTED Time: 13:16:40 Date: 01/18/20 FitStatPerTick.txt#
#eticalAlgorithmType1, #
(0, 4)
(1, 4)
(2, 7)
(3, 5)
(4, 4)
(5, 4)
(6, 5)
(7, 6)
(8, 5)
(9, 6)
(10, 7)
(11, 6)
(12, 8)
(13, 6)
(14, 6)
(15, 6)
(16, 6)
(17, 6)
(18, 5)
(19, 6)
(20, 5)
(21, 6)
(22, 5)
(23, 6)
(24, 5)
(25, 6)
(26, 6)
(27, 7)
(28, 6)
(29, 6)
(30, 6)
(31, 5)
(32, 6)
(33, 6)
(34, 6)
(35, 6)
(36, 5)
(37, 7)
(38, 7)
(39, 5)
(40, 5)
(41, 5)
(42, 7)
(42, 5)
(43, 5)
(44, 4)
(45, 5)
(46, 6)
(47, 5)
(48, 7)
(49, 7)
(50, 6)
(51, 6)
(52, 6)
(53, 7)
(54, 6)
(55, 7)
(56, 7)
(57, 5)
(58, 6)
(59, 6)
(60, 6)
(61, 6)
(62, 7)
(63, 6)
(64, 6)
(65, 7)
(66, 6)
(67, 6)
(68, 6)
(69, 7)
(70, 6)
(71, 7)
(72, 6)
(73, 6)
(74, 6)
(75, 6)
(76, 6)
(77, 7)
(78, 6)
(79, 6)
(80, 6)
(81, 5)
(82, 5)
(83, 5)
(84, 5)
(85, 6)
(86, 5)
(87, 6)
(88, 7)
(89, 6)
(90, 6)
(91, 6)
(92, 6)
(93, 6)
(94, 6)
(95, 5)
(96, 6)
(97, 6)
(98, 6)
(99, 7)
(100, 6)
(101, 7)
(102, 6)
(103, 6)
(104, 6)
(105, 5)
(106, 6)
(107, 6)
(108, 6)
(109, 5)
(110, 6)
(111, 5)
(112, 5)
(113, 6)
(114, 6)
(115, 7)
(116, 6)
(117, 5)
(118, 6)
(119, 7)
(120, 6)
(121, 6)
(122, 5)
(123, 5)
(124, 5)
(124, 5)
(125, 4)
(126, 6)
(127, 6)
(128, 5)
(129, 6)
(130, 5)
(131, 5)
(132, 5)
(133, 6)
(134, 6)
(135, 7)
(136, 6)
(137, 6)
(138, 7)
(139, 5)
(140, 5)
(141, 5)
(142, 6)
(142, 4)
(143, 5)
(144, 7)
(145, 6)
(146, 6)
(147, 6)
(148, 6)
(149, 5)
(150, 6)
(151, 6)
(152, 6)
(153, 7)
(154, 5)
(155, 6)
(156, 5)
(157, 6)
(158, 6)
(159, 6)
(160, 6)
(161, 6)
(162, 5)
(163, 7)
(163, 4)
(164, 5)
(165, 5)
(166, 6)
(167, 6)
(168, 7)
(169, 6)
(170, 7)
(171, 5)
(172, 6)
(173, 6)
(174, 6)
(175, 6)
(176, 6)
(177, 6)
(178, 5)
(179, 6)
(180, 5)
(181, 5)
(182, 5)
(183, 5)
(184, 4)
(185, 6)
(186, 8)
(187, 6)
(188, 5)
(189, 5)
(190, 6)
(191, 5)
(192, 5)
(193, 6)
(193, 4)
(194, 5)
(195, 5)
(196, 4)
(197, 5)
(198, 5)
(199, 5)
(200, 7)
(201, 6)
(202, 6)
(203, 7)
(204, 6)
(205, 7)
(206, 6)
(207, 5)
(208, 6)
(209, 7)
(210, 5)
(211, 6)
(212, 6)
(213, 6)
(214, 6)
(215, 6)
(216, 5)
(217, 6)
(218, 5)
(219, 6)
(220, 6)
(221, 4)
(222, 6)
(223, 6)
(224, 7)
(225, 6)
(226, 5)
(227, 6)
(228, 6)
(229, 7)
(230, 6)
(231, 6)
(232, 5)
(233, 6)
(234, 6)
(235, 6)
(236, 6)
(237, 6)
(238, 6)
(239, 6)
(240, 6)
(241, 5)
(242, 5)
(243, 5)
(244, 6)
(245, 6)
(246, 6)
(247, 6)
(248, 6)
(249, 5)
(250, 7)
(251, 6)
(252, 5)
(253, 5)
(254, 7)
(255, 7)
(256, 5)
(257, 6)
(258, 5)
(259, 6)
(260, 6)
(261, 6)
(262, 4)
(263, 6)
(264, 5)
(265, 5)
(266, 6)
(267, 6)
(268, 6)
(269, 6)
(270, 5)
(271, 6)
(272, 5)
(273, 5)
(274, 5)
(275, 5)
(276, 5)
(277, 6)
(278, 4)
(279, 5)
(280, 6)
(281, 6)
(282, 6)
(283, 5)
(284, 6)
(285, 6)
(286, 6)
(287, 5)
(288, 6)
(289, 6)
(290, 5)
(291, 6)
(292, 6)
(293, 6)
(294, 6)
(294, 4)
(295, 6)
(296, 5)
(297, 6)
(298, 5)
(299, 5)
(300, 5)
(301, 5)
(302, 6)
(303, 6)
(304, 5)
(305, 5)
(306, 5)
(307, 6)
(308, 6)
(309, 6)
(310, 6)
(311, 7)
(312, 7)
(313, 6)
(314, 6)
(315, 5)
(316, 6)
(317, 6)
(318, 7)
(319, 6)
(320, 6)
(321, 5)
(322, 4)
(323, 4)
(324, 5)
(325, 5)
(326, 6)
(327, 5)
(328, 6)
(329, 6)
(330, 5)
(331, 5)
(332, 4)
(333, 5)
(334, 6)
(335, 6)
(336, 5)
(337, 6)
(338, 6)
(339, 5)
(340, 7)
(341, 5)
(342, 6)
(342, 5)
(343, 6)
(344, 5)
(345, 6)
(346, 6)
(347, 6)
(348, 6)
(349, 5)
(350, 6)
(351, 7)
(352, 6)
(353, 5)
(354, 6)
(355, 5)
(356, 5)
(357, 6)
(358, 6)
(359, 6)
(360, 6)
(361, 5)
(362, 4)
(363, 5)
(364, 5)
(365, 6)
(366, 6)
(367, 5)
(368, 5)
(369, 5)
(370, 5)
(371, 6)
(372, 6)
(373, 6)
(374, 6)
(375, 6)
(376, 6)
(377, 7)
(378, 6)
(379, 4)
(380, 7)
(381, 5)
(382, 7)
(383, 6)
(384, 7)
(385, 6)
(386, 6)
(387, 6)
(388, 5)
(389, 6)
(390, 6)
(391, 5)
(392, 5)
(393, 6)
(394, 7)
(395, 7)
(396, 6)
(397, 7)
(398, 6)
(399, 6)
(400, 5)
(401, 6)
(401, 3)
(402, 4)
(403, 5)
(404, 4)
(405, 5)
(406, 5)
(407, 6)
(408, 5)
(409, 5)
(410, 5)
(411, 4)
(412, 5)
(413, 6)
(414, 7)
(415, 6)
(416, 6)
(417, 7)
(418, 7)
(419, 7)
(420, 6)
(421, 6)
(422, 5)
(423, 6)
(424, 5)
(425, 6)
(426, 7)
(427, 5)
(428, 6)
(429, 5)
(430, 5)
(431, 5)
(432, 5)
(433, 6)
(434, 6)
(435, 6)
(436, 6)
(436, 6)
(437, 6)
(438, 6)
(439, 6)
(440, 5)
(441, 6)
(442, 6)
(443, 6)
(444, 6)
(445, 6)
(446, 5)
(447, 7)
(448, 6)
(449, 5)
(450, 6)
(451, 6)
(452, 7)
(453, 5)
(454, 5)
(455, 6)
(455, 5)
(456, 5)
(457, 5)
(458, 6)
(459, 6)
(460, 5)
(461, 4)
(462, 6)
(463, 6)
(464, 5)
(465, 5)
(466, 6)
(467, 6)
(468, 6)
(469, 5)
(470, 5)
(471, 6)
(472, 5)
(473, 6)
(474, 6)
(475, 6)
(476, 6)
(477, 6)
(478, 5)
(479, 5)
(480, 5)
(481, 6)
(482, 5)
(483, 6)
(484, 7)
(485, 7)
(486, 6)
(487, 6)
(488, 5)
(489, 7)
(490, 7)
(491, 7)
(492, 5)
(493, 5)
(494, 6)
(495, 6)
(496, 5)
(497, 7)
(498, 5)
(499, 6)
(500, 6)
(501, 6)
(502, 6)
(503, 6)
(504, 5)
(505, 6)
(506, 6)
(507, 5)
(508, 6)
(509, 5)
(510, 5)
(511, 6)
(512, 6)
(513, 6)
(514, 6)
(515, 5)
(516, 7)
(517, 6)
(518, 6)
(519, 6)
(520, 6)
(521, 5)
(522, 5)
(523, 6)
(524, 6)
(525, 6)
(526, 6)
(527, 7)
(528, 6)
(529, 6)
(529, 5)
(530, 6)
(531, 5)
(532, 6)
(533, 6)
(534, 6)
(535, 6)
(536, 7)
(537, 6)
(538, 7)
(539, 6)
(540, 5)
(541, 6)
(542, 6)
(543, 6)
(544, 6)
(545, 5)
(546, 5)
(547, 5)
(548, 6)
(549, 6)
(550, 7)
(551, 6)
(552, 6)
(553, 6)
(554, 6)
(555, 6)
(556, 5)
(557, 4)
(558, 6)
(559, 6)
(560, 6)
(561, 6)
(562, 6)
(563, 7)
(564, 7)
(565, 7)
(566, 6)
(567, 6)
(568, 6)
(569, 6)
(570, 6)
(571, 5)
(572, 5)
(573, 6)
(574, 6)
(575, 6)
(576, 5)
(577, 5)
(578, 6)
(579, 6)
(580, 5)
(581, 6)
(582, 6)
(583, 4)
(584, 5)
(585, 5)
(586, 4)
(587, 4)
(588, 5)
(589, 5)
(590, 5)
(591, 6)
(592, 5)
(593, 6)
(594, 6)
(594, 3)
(595, 5)
(596, 5)
(597, 6)
(598, 5)
(599, 5)
(600, 5)
(601, 7)
(602, 5)
(603, 5)
(604, 6)
(605, 5)
(606, 6)
(607, 8)
(608, 6)
(609, 6)
(610, 6)
(611, 6)
(612, 5)
(613, 5)
(614, 5)
(615, 5)
(616, 5)
(617, 6)
(618, 5)
(619, 5)
(620, 6)
(621, 6)
(622, 6)
(623, 5)
(624, 5)
(625, 5)
(626, 6)
(627, 6)
(628, 5)
(629, 7)
(630, 6)
(630, 4)
(631, 5)
(632, 5)
(633, 5)
(634, 5)
(635, 6)
(636, 5)
(637, 6)
(638, 6)
(639, 5)
(640, 5)
(641, 5)
(642, 6)
(643, 6)
(644, 6)
(645, 6)
(646, 7)
(647, 5)
(648, 6)
(649, 5)
(650, 6)
(651, 7)
(652, 6)
(653, 5)
(654, 6)
(655, 6)
(656, 7)
(657, 6)
(658, 6)
(659, 5)
(660, 7)
(661, 6)
(662, 6)
(663, 6)
(663, 4)
(664, 4)
(665, 4)
(666, 5)
(667, 6)
(668, 7)
(669, 7)
(670, 6)
(671, 6)
(672, 7)
(673, 7)
(674, 7)
(675, 6)
(676, 7)
(677, 6)
(678, 6)
(679, 7)
(680, 6)
(681, 5)
(682, 5)
(683, 6)
(684, 5)
(685, 7)
(686, 6)
(687, 6)
(688, 6)
(689, 6)
(690, 5)
(691, 5)
(692, 6)
(693, 6)
(694, 5)
(695, 5)
(695, 5)
(696, 5)
(697, 6)
(698, 6)
(699, 6)
(700, 7)
(701, 6)
(702, 6)
(703, 7)
(704, 6)
(705, 7)
(706, 5)
(707, 5)
(708, 6)
(709, 5)
(710, 6)
(711, 6)
(712, 7)
(713, 5)
(714, 7)
(715, 5)
(716, 6)
(717, 6)
(718, 7)
(719, 6)
(720, 6)
(721, 6)
(722, 5)
(723, 7)
(724, 7)
(724, 5)
(725, 6)
(726, 5)
(727, 6)
(728, 6)
(729, 6)
(730, 7)
(731, 7)
(731, 4)
(732, 4)
(733, 5)
(734, 5)
(735, 5)
(736, 6)
(737, 5)
(738, 6)
(739, 4)
(740, 4)
(741, 5)
(742, 5)
(743, 4)
(744, 5)
(745, 5)
(746, 5)
(747, 5)
(748, 4)
(749, 5)
(750, 5)
(751, 5)
(752, 5)
(753, 5)
(754, 5)
(755, 6)
(756, 6)
(757, 5)
(758, 5)
(759, 5)
(760, 6)
(761, 5)
(762, 6)
(763, 6)
(764, 6)
(765, 6)
(766, 6)
(767, 6)
(768, 5)
(769, 5)
(770, 6)
(771, 5)
(772, 6)
(773, 7)
(774, 5)
(775, 7)
(776, 6)
(777, 6)
(778, 6)
(779, 5)
(780, 6)
(781, 5)
(782, 6)
(783, 7)
(784, 8)
(785, 7)
(786, 6)
(787, 5)
(788, 6)
(789, 7)
(790, 7)
(790, 4)
(791, 7)
(792, 6)
(793, 7)
(793, 4)
(794, 4)
(795, 5)
(796, 6)
(797, 5)
(798, 5)
(799, 5)
(800, 6)
(801, 6)
(802, 6)
(803, 5)
(804, 5)
(805, 6)
(806, 5)
(807, 6)
(808, 5)
(809, 5)
(810, 5)
(811, 5)
(812, 5)
(813, 6)
(814, 5)
(815, 5)
(816, 5)
(817, 5)
(818, 6)
(819, 4)
(820, 5)
(821, 5)
(822, 4)
(823, 5)
(824, 5)
(825, 6)
(826, 4)
(827, 5)
(828, 6)
(829, 5)
(830, 5)
(831, 5)
(832, 6)
(833, 5)
(834, 6)
(835, 6)
(836, 5)
(837, 5)
(838, 4)
(839, 4)
(840, 5)
(841, 5)
(842, 6)
(843, 5)
(844, 5)
(845, 5)
(846, 6)
(847, 5)
(848, 5)
(849, 5)
(850, 5)
(851, 6)
(852, 5)
(853, 5)
(854, 6)
(855, 6)
(856, 7)
(857, 6)
(858, 6)
(859, 6)
(860, 6)
(861, 7)
(862, 5)
(863, 6)
(864, 6)
(865, 5)
(866, 5)
(867, 6)
(868, 8)
(869, 5)
(870, 6)
(871, 5)
(872, 6)
(873, 7)
(874, 6)
(875, 5)
(876, 5)
(877, 6)
(878, 5)
(879, 6)
(880, 5)
(881, 5)
(882, 5)
(883, 6)
(884, 5)
(885, 7)
(886, 6)
(887, 7)
(888, 7)
(889, 6)
(890, 6)
(891, 5)
(892, 6)
(893, 6)
(894, 6)
(895, 6)
(896, 4)
(897, 6)
(898, 5)
(899, 5)
(900, 5)
(901, 6)
(902, 6)
(903, 6)
(904, 5)
(905, 6)
(906, 6)
(907, 6)
(908, 6)
(909, 6)
(910, 6)
(911, 6)
(912, 7)
(913, 7)
(914, 6)
(915, 5)
(916, 5)
(917, 6)
(918, 6)
(919, 6)
(920, 6)
(921, 5)
(922, 6)
(923, 5)
(924, 4)
(925, 5)
(926, 5)
(927, 5)
(928, 5)
(929, 5)
(930, 5)
(931, 4)
(932, 5)
(933, 6)
(934, 6)
(935, 6)
(936, 5)
(937, 6)
(938, 6)
(939, 6)
(940, 6)
(941, 6)
(942, 5)
(943, 5)
(944, 6)
(945, 6)
(946, 5)
(947, 5)
(948, 7)
(949, 6)
(950, 7)
(951, 7)
(952, 6)
(953, 5)
(954, 5)
(955, 7)
(956, 7)
(957, 6)
(958, 7)
(959, 5)
(960, 5)
(961, 7)
(961, 4)
(962, 5)
(963, 5)
(964, 5)
(965, 6)
(966, 6)
(967, 7)
(968, 5)
(969, 6)
(970, 6)
(971, 5)
(972, 6)
(973, 6)
(974, 6)
(975, 5)
(976, 5)
(977, 4)
(978, 6)
(979, 5)
(980, 6)
(981, 6)
(982, 6)
(983, 6)
(984, 7)
(985, 8)
(986, 6)
(987, 6)
(988, 6)
(989, 6)
(990, 6)
(991, 6)
(992, 7)
(993, 7)
(993, 4)
(994, 5)
(995, 6)
(996, 6)
(997, 5)
(998, 5)
(999, 5)
(1000, 6)
(1001, 6)
(1002, 6)
(1003, 6)
(1004, 6)
(1005, 6)
(1006, 6)
(1007, 6)
(1008, 7)
(1009, 7)
(1010, 6)
(1011, 6)
(1012, 5)
(1013, 6)
(1014, 7)
(1015, 6)
(1016, 5)
(1017, 5)
(1018, 7)
(1018, 5)
(1019, 5)
(1020, 6)
(1021, 5)
(1022, 6)
(1023, 6)
(1024, 5)
(1025, 7)
(1026, 6)
(1027, 6)
(1028, 5)
(1029, 6)
(1030, 6)
(1031, 6)
(1032, 5)
(1033, 5)
(1034, 5)
(1035, 6)
(1036, 4)
(1037, 6)
(1037, 4)
(1038, 3)
(1039, 5)
(1040, 6)
(1041, 6)
(1042, 7)
(1043, 6)
(1044, 7)
(1045, 6)
(1046, 6)
(1047, 6)
(1048, 6)
(1049, 4)
(1050, 6)
(1051, 7)
(1052, 6)
(1053, 6)
(1054, 7)
(1055, 5)
(1056, 6)
(1057, 7)
(1058, 5)
(1059, 5)
(1060, 6)
(1061, 6)
(1062, 6)
(1063, 6)
(1064, 5)
(1065, 5)
(1066, 6)
(1067, 5)
(1068, 5)
(1069, 5)
(1070, 7)
(1071, 6)
(1072, 6)
(1073, 6)
(1074, 6)
(1075, 7)
(1076, 5)
(1077, 5)
(1078, 6)
(1079, 5)
(1080, 5)
(1081, 5)
(1082, 6)
(1083, 6)
(1084, 4)
(1085, 6)
(1086, 5)
(1087, 6)
(1088, 6)
(1089, 5)
(1090, 5)
(1091, 6)
(1092, 6)
(1093, 6)
(1094, 6)
(1095, 6)
(1096, 6)
(1097, 6)
(1098, 6)
(1099, 6)
(1100, 5)
(1101, 6)
(1102, 5)
(1103, 6)
(1104, 6)
(1105, 7)
(1106, 6)
(1107, 6)
(1108, 6)
(1109, 6)
(1110, 6)
(1111, 7)
(1112, 6)
(1113, 7)
(1114, 6)
(1115, 6)
(1116, 6)
(1117, 6)
(1118, 5)
(1119, 5)
(1120, 7)
(1121, 5)
(1122, 7)
(1123, 6)
(1124, 6)
(1125, 7)
(1126, 5)
(1127, 6)
(1128, 6)
(1129, 6)
(1130, 6)
(1131, 7)
(1131, 5)
(1132, 5)
(1133, 5)
(1134, 6)
(1135, 5)
(1136, 6)
(1137, 5)
(1138, 6)
(1139, 6)
(1140, 5)
(1141, 6)
(1142, 7)
(1143, 7)
(1144, 6)
(1145, 7)
(1146, 6)
(1147, 6)
(1148, 6)
(1149, 5)
(1150, 5)
(1151, 6)
(1152, 6)
(1153, 6)
(1154, 6)
(1155, 7)
(1156, 5)
(1157, 6)
(1158, 6)
(1159, 6)
(1160, 6)
(1161, 5)
(1162, 6)
(1163, 6)
(1164, 5)
(1165, 5)
(1166, 6)
(1167, 6)
(1168, 5)
(1169, 5)
(1170, 5)
(1171, 4)
(1172, 6)
(1173, 6)
(1174, 6)
(1175, 6)
(1176, 7)
(1177, 6)
(1178, 6)
(1179, 4)
(1180, 5)
(1181, 5)
(1182, 5)
(1183, 5)
(1184, 6)
(1185, 6)
(1186, 6)
(1187, 6)
(1188, 6)
(1189, 6)
(1190, 6)
(1191, 6)
(1192, 5)
(1193, 5)
(1194, 6)
(1195, 4)
(1196, 5)
(1197, 6)
(1198, 5)
(1199, 5)
(1200, 5)
(1201, 5)
(1202, 4)
(1203, 5)
(1204, 4)
(1205, 5)
(1206, 6)
(1207, 5)
(1208, 6)
(1209, 5)
(1210, 6)
(1211, 7)
(1212, 5)
(1213, 5)
(1214, 5)
(1215, 5)
(1216, 5)
(1217, 5)
(1218, 5)
(1219, 5)
(1220, 6)
(1221, 5)
(1222, 6)
(1223, 5)
(1224, 5)
(1225, 6)
(1226, 6)
(1227, 6)
(1228, 6)
(1229, 4)
(1230, 6)
(1231, 6)
(1232, 5)
(1233, 5)
(1234, 6)
(1235, 7)
(1236, 6)
(1237, 6)
(1238, 7)
(1239, 6)
(1240, 6)
(1241, 6)
(1242, 6)
(1243, 6)
(1244, 6)
(1245, 6)
(1246, 5)
(1247, 6)
(1248, 5)
(1248, 6)
(1249, 6)
(1249, 6)
(1250, 5)
(1251, 5)
(1252, 6)
(1252, 5)
(1253, 5)
(1254, 6)
(1255, 6)
(1256, 5)
(1257, 5)
(1258, 6)
(1259, 6)
(1260, 6)
(1260, 5)
(1261, 5)
(1262, 4)
(1263, 5)
(1264, 6)
(1265, 6)
(1266, 6)
(1267, 6)
(1268, 6)
(1269, 6)
(1270, 6)
(1271, 5)
(1272, 5)
(1273, 5)
(1274, 5)
(1275, 6)
(1276, 7)
(1277, 5)
(1278, 6)
(1279, 6)
(1280, 5)
(1281, 5)
(1282, 6)
(1283, 6)
(1284, 5)
(1285, 6)
(1286, 5)
(1287, 6)
(1288, 6)
(1289, 5)
(1290, 5)
(1291, 5)
(1292, 5)
(1293, 5)
(1294, 6)
(1295, 5)
(1296, 6)
(1297, 5)
(1298, 5)
(1299, 5)
(1300, 6)
(1301, 7)
(1302, 6)
(1303, 6)
(1304, 7)
(1305, 6)
(1306, 5)
(1307, 6)
(1308, 5)
(1309, 5)
(1310, 5)
(1311, 5)
(1312, 5)
(1313, 5)
(1314, 5)
(1315, 6)
(1316, 6)
(1317, 5)
(1318, 5)
(1319, 5)
(1320, 5)
(1321, 5)
(1322, 5)
(1323, 6)
(1324, 5)
(1325, 4)
(1326, 5)
(1327, 5)
(1328, 5)
(1329, 6)
(1330, 6)
(1331, 5)
(1332, 7)
(1333, 6)
(1334, 6)
(1335, 6)
(1336, 6)
(1337, 6)
(1338, 6)
(1339, 5)
(1340, 5)
(1341, 5)
(1342, 5)
(1343, 6)
(1344, 5)
(1345, 5)
(1346, 5)
(1347, 6)
(1348, 6)
(1349, 5)
(1350, 6)
(1351, 5)
(1352, 6)
(1353, 6)
(1354, 6)
(1355, 6)
(1356, 6)
(1357, 6)
(1358, 6)
(1359, 7)
(1360, 6)
(1361, 6)
(1362, 7)
(1363, 5)
(1364, 6)
(1365, 6)
(1366, 6)
(1367, 6)
(1368, 6)
(1369, 5)
(1370, 6)
(1371, 6)
(1372, 5)
(1373, 6)
(1374, 5)
(1375, 5)
(1376, 6)
(1377, 4)
(1378, 6)
(1379, 6)
(1380, 6)
(1381, 6)
(1382, 6)
(1383, 6)
(1384, 6)
(1385, 5)
(1386, 5)
(1387, 7)
(1388, 6)
(1389, 6)
(1390, 5)
(1391, 6)
(1392, 5)
(1393, 6)
(1394, 7)
(1395, 6)
(1396, 6)
(1397, 5)
(1398, 6)
(1399, 7)
(1400, 7)
(1400, 3)
(1401, 4)
(1402, 5)
(1403, 4)
(1404, 5)
(1405, 5)
(1406, 5)
(1407, 5)
(1408, 6)
(1409, 6)
(1410, 6)
(1411, 6)
(1412, 7)
(1413, 5)
(1414, 6)
(1415, 5)
(1416, 6)
(1417, 5)
(1418, 6)
(1419, 6)
(1420, 6)
(1421, 6)
(1422, 6)
(1423, 5)
(1424, 5)
(1425, 5)
(1426, 6)
(1427, 6)
(1428, 6)
(1429, 5)
(1430, 5)
(1431, 6)
(1432, 5)
(1433, 5)
(1434, 6)
(1435, 6)
(1436, 6)
(1437, 7)
(1438, 7)
(1439, 5)
(1440, 6)
(1441, 5)
(1442, 4)
(1443, 5)
(1444, 6)
(1445, 7)
(1446, 6)
(1447, 5)
(1448, 6)
(1449, 5)
(1450, 6)
(1451, 6)
(1452, 6)
(1453, 6)
(1454, 6)
(1455, 6)
(1456, 6)
(1457, 5)
(1458, 6)
(1459, 5)
(1460, 6)
(1461, 5)
(1462, 6)
(1463, 6)
(1464, 6)
(1465, 6)
(1466, 6)
(1467, 5)
(1468, 7)
(1469, 6)
(1470, 6)
(1471, 6)
(1472, 6)
(1473, 6)
(1474, 5)
(1475, 6)
(1476, 7)
(1477, 7)
(1478, 6)
(1479, 7)
(1480, 5)
(1481, 6)
(1482, 6)
(1483, 5)
(1484, 6)
(1485, 5)
(1486, 6)
(1487, 6)
(1488, 7)
(1489, 6)
(1490, 6)
(1491, 5)
(1492, 6)
(1493, 6)
(1494, 5)
(1495, 6)
(1496, 5)
(1497, 5)
(1498, 6)
(1499, 5)
(1500, 5)
(1501, 5)
(1502, 5)
(1503, 7)
(1504, 7)
(1505, 5)
(1506, 5)
(1507, 6)
(1508, 6)
(1509, 7)
(1510, 7)
(1511, 5)
(1512, 6)
(1513, 7)
(1514, 6)
(1515, 7)
(1516, 7)
(1516, 6)
(1517, 5)
(1518, 5)
(1519, 5)
(1520, 5)
(1521, 5)
(1522, 6)
(1523, 6)
(1524, 6)
(1524, 6)
(1525, 5)
(1526, 7)
(1526, 6)
(1527, 7)
(1528, 7)
(1529, 6)
(1530, 6)
(1531, 6)
(1532, 7)
(1533, 5)
(1534, 6)
(1535, 6)
(1536, 6)
(1537, 7)
(1538, 4)
(1539, 6)
(1540, 5)
(1541, 7)
(1542, 6)
(1543, 7)
(1544, 6)
(1545, 5)
(1546, 7)
(1547, 6)
(1548, 7)
(1549, 6)
(1550, 7)
(1550, 3)
(1551, 5)
(1552, 6)
(1553, 6)
(1554, 6)
(1554, 4)
(1555, 5)
(1556, 5)
(1557, 6)
(1558, 6)
(1559, 6)
(1560, 7)
(1561, 6)
(1562, 7)
(1563, 6)
(1564, 7)
(1565, 7)
(1566, 6)
(1567, 5)
(1568, 6)
(1569, 7)
(1570, 6)
(1571, 5)
(1572, 6)
(1573, 6)
(1574, 6)
(1574, 4)
(1575, 5)
(1576, 5)
(1577, 5)
(1578, 7)
(1579, 7)
(1580, 7)
(1581, 6)
(1582, 6)
(1583, 5)
(1584, 6)
(1585, 5)
(1586, 6)
(1587, 5)
(1588, 5)
(1589, 6)
(1590, 6)
(1591, 5)
(1592, 4)
(1593, 4)
(1594, 5)
(1595, 6)
(1596, 6)
(1597, 6)
(1598, 6)
(1599, 6)
(1600, 7)
(1601, 5)
(1602, 6)
(1603, 6)
(1604, 6)
(1605, 6)
(1606, 7)
(1607, 6)
(1608, 5)
(1609, 6)
(1610, 5)
(1611, 5)
(1612, 5)
(1613, 6)
(1614, 6)
(1615, 6)
(1616, 5)
(1617, 6)
(1618, 5)
(1619, 6)
(1620, 5)
(1621, 5)
(1622, 5)
(1623, 5)
(1624, 5)
(1625, 7)
(1626, 6)
(1627, 5)
(1628, 6)
(1629, 6)
(1630, 7)
(1631, 7)
(1632, 6)
(1633, 8)
(1634, 6)
(1634, 5)
(1635, 6)
(1636, 6)
(1637, 6)
(1638, 5)
(1639, 6)
(1639, 6)
(1640, 5)
(1641, 5)
(1642, 6)
(1643, 5)
(1644, 6)
(1645, 4)
(1646, 7)
(1647, 7)
(1648, 6)
(1649, 7)
(1650, 7)
(1651, 6)
(1652, 6)
(1653, 7)
(1654, 6)
(1655, 5)
(1656, 5)
(1657, 6)
(1658, 5)
(1659, 5)
(1660, 5)
(1661, 6)
(1662, 5)
(1663, 5)
(1664, 5)
(1665, 5)
(1666, 5)
(1667, 5)
(1668, 5)
(1669, 6)
(1670, 5)
(1671, 6)
(1672, 6)
(1673, 8)
(1674, 7)
(1675, 7)
(1676, 7)
(1677, 6)
(1678, 6)
(1679, 5)
(1680, 6)
(1681, 7)
(1682, 6)
(1683, 6)
(1684, 5)
(1685, 5)
(1686, 5)
(1687, 5)
(1688, 6)
(1689, 6)
(1690, 4)
(1691, 5)
(1692, 6)
(1693, 6)
(1694, 5)
(1695, 5)
(1696, 6)
(1697, 5)
(1698, 7)
(1699, 7)
(1700, 6)
(1701, 5)
(1702, 6)
(1703, 5)
(1704, 5)
(1705, 5)
(1706, 5)
(1707, 6)
(1708, 6)
(1709, 6)
(1710, 6)
(1711, 6)
(1712, 6)
(1713, 6)
(1714, 6)
(1715, 7)
(1716, 6)
(1717, 5)
(1718, 5)
(1719, 6)
(1720, 6)
(1721, 5)
(1722, 6)
(1723, 5)
(1724, 5)
(1725, 5)
(1726, 5)
(1727, 6)
(1728, 6)
(1729, 6)
(1730, 5)
(1731, 6)
(1732, 5)
(1733, 6)
(1734, 6)
(1734, 5)
(1735, 5)
(1736, 5)
(1737, 5)
(1738, 5)
(1739, 6)
(1740, 5)
(1741, 6)
(1742, 6)
(1743, 5)
(1744, 5)
(1745, 6)
(1746, 6)
(1747, 5)
(1748, 6)
(1749, 5)
(1750, 5)
(1751, 4)
(1752, 5)
(1753, 5)
(1754, 6)
(1755, 5)
(1756, 5)
(1757, 5)
(1758, 5)
(1759, 6)
(1760, 5)
(1761, 4)
(1762, 6)
(1763, 5)
(1764, 5)
(1765, 5)
(1766, 6)
(1767, 5)
(1768, 6)
(1769, 5)
(1770, 5)
(1771, 7)
(1772, 5)
(1773, 6)
(1774, 5)
(1775, 5)
(1776, 6)
(1777, 5)
(1778, 5)
(1779, 5)
(1780, 6)
(1781, 6)
(1782, 5)
(1783, 6)
(1784, 6)
(1785, 5)
(1786, 5)
(1787, 6)
(1788, 5)
(1789, 6)
(1790, 6)
(1791, 5)
(1792, 5)
(1793, 6)
(1794, 5)
(1795, 5)
(1796, 4)
(1797, 5)
(1798, 6)
(1799, 5)
(1800, 5)
(1801, 6)
(1802, 6)
(1803, 6)
(1804, 7)
(1805, 5)
(1806, 7)
(1807, 6)
(1808, 5)
(1809, 6)
(1810, 5)
(1811, 6)
(1812, 6)
(1813, 5)
(1814, 5)
(1815, 6)
(1816, 6)
(1817, 6)
(1818, 6)
(1819, 5)
(1820, 6)
(1821, 5)
(1822, 5)
(1823, 5)
(1824, 6)
(1825, 5)
(1826, 7)
(1827, 6)
(1828, 6)
(1829, 6)
(1830, 6)
(1831, 6)
(1832, 5)
(1833, 5)
(1834, 5)
(1835, 5)
(1836, 5)
(1837, 5)
(1838, 5)
(1839, 5)
(1840, 5)
(1841, 4)
(1842, 5)
(1843, 5)
(1844, 5)
(1845, 5)
(1846, 4)
(1847, 6)
(1848, 6)
(1849, 5)
(1850, 4)
(1851, 5)
(1852, 4)
(1853, 4)
(1854, 3)
(1855, 3)
(1856, 5)
(1857, 6)
(1858, 5)
(1859, 6)
(1860, 6)
(1861, 7)
(1862, 6)
(1863, 7)
(1864, 6)
(1865, 5)
(1866, 5)
(1867, 5)
(1868, 4)
(1869, 5)
(1870, 6)
(1871, 6)
(1872, 5)
(1873, 6)
(1874, 6)
(1875, 6)
(1876, 5)
(1877, 5)
(1878, 5)
(1879, 5)
(1880, 7)
(1881, 6)
(1882, 7)
(1883, 6)
(1884, 6)
(1885, 5)
(1886, 6)
(1887, 5)
(1888, 6)
(1889, 6)
(1890, 6)
(1891, 6)
(1892, 7)
(1893, 6)
(1894, 7)
(1895, 8)
(1896, 7)
(1897, 6)
(1898, 7)
(1899, 6)
(1900, 7)
(1901, 6)
(1902, 6)
(1903, 6)
(1904, 6)
(1905, 6)
(1906, 6)
(1907, 6)
(1908, 6)
(1909, 6)
(1910, 5)
(1911, 5)
(1912, 5)
(1913, 5)
(1914, 6)
(1915, 6)
(1916, 6)
(1917, 7)
(1918, 6)
(1919, 6)
(1920, 5)
(1921, 5)
(1922, 5)
(1923, 6)
(1924, 6)
(1925, 6)
(1926, 4)
(1927, 4)
(1928, 4)
(1929, 6)
(1930, 6)
(1931, 7)
(1932, 6)
(1933, 6)
(1934, 5)
(1935, 5)
(1936, 5)
(1937, 6)
(1938, 6)
(1939, 5)
(1940, 6)
(1941, 5)
(1942, 5)
(1943, 5)
(1944, 6)
(1945, 5)
(1946, 5)
(1947, 5)
(1948, 5)
(1949, 6)
(1950, 7)
(1950, 5)
(1951, 5)
(1952, 5)
(1953, 7)
(1954, 7)
(1955, 7)
(1956, 7)
(1957, 6)
(1958, 6)
(1959, 6)
(1959, 4)
(1960, 4)
(1961, 5)
(1962, 6)
(1963, 6)
(1964, 6)
(1965, 6)
(1966, 6)
(1967, 7)
(1968, 6)
(1969, 6)
(1970, 7)
(1971, 5)
(1972, 6)
(1973, 7)
(1974, 7)
(1975, 6)
(1976, 5)
(1977, 7)
(1978, 7)
(1979, 6)
(1980, 6)
(1981, 6)
(1982, 7)
(1983, 7)
(1984, 7)
(1985, 5)
(1986, 7)
(1987, 6)
(1988, 6)
(1989, 6)
(1990, 6)
(1991, 5)
(1992, 5)
(1993, 6)
(1994, 6)
(1995, 5)
(1996, 4)
(1997, 5)
(1998, 4)
(1999, 4)
(2000, 5)
(2001, 5)
(2002, 5)
(2003, 5)
(2004, 5)
(2005, 4)
(2006, 5)
(2007, 7)
(2008, 5)
(2009, 6)
(2010, 6)
(2011, 5)
(2012, 4)
(2013, 5)
(2014, 5)
(2015, 5)
(2016, 5)
(2017, 6)
(2018, 5)
(2019, 6)
(2020, 6)
(2021, 6)
(2022, 6)
(2023, 6)
(2024, 6)
(2025, 6)
(2026, 5)
(2027, 5)
(2028, 5)
(2029, 6)
(2030, 6)
(2031, 7)
(2032, 7)
(2033, 6)
(2034, 6)
(2035, 6)
(2036, 6)
(2037, 5)
(2038, 4)
(2039, 6)
(2040, 6)
(2041, 6)
(2042, 6)
(2043, 5)
(2044, 5)
(2045, 7)
(2046, 6)
(2047, 6)
(2048, 5)
(2049, 5)
(2050, 5)
(2051, 5)
(2052, 6)
(2053, 6)
(2054, 6)
(2055, 5)
(2056, 5)
(2057, 5)
(2058, 6)
(2059, 6)
(2060, 5)
(2061, 7)
(2061, 4)
(2062, 4)
(2063, 5)
(2064, 5)
(2065, 5)
(2066, 6)
(2067, 6)
(2068, 6)
(2069, 6)
(2070, 6)
(2071, 6)
(2072, 7)
(2073, 8)
(2073, 4)
(2074, 5)
(2075, 4)
(2076, 5)
(2077, 5)
(2078, 4)
(2079, 4)
(2080, 5)
(2081, 5)
(2082, 5)
(2083, 6)
(2084, 5)
(2085, 5)
(2086, 6)
(2087, 6)
(2088, 6)
(2089, 6)
(2090, 5)
(2091, 6)
(2092, 5)
(2093, 5)
(2094, 4)
(2095, 6)
(2096, 6)
(2097, 5)
(2098, 5)
(2099, 7)
(2100, 6)
(2101, 5)
(2102, 5)
(2103, 5)
(2104, 7)
(2105, 5)
(2106, 5)
(2107, 5)
(2108, 5)
(2109, 5)
(2110, 5)
(2111, 5)
(2112, 7)
(2113, 6)
(2114, 6)
(2115, 6)
(2116, 6)
(2117, 7)
(2118, 6)
(2119, 5)
(2120, 7)
(2121, 5)
(2122, 7)
(2123, 6)
(2124, 7)
(2125, 7)
(2126, 6)
(2127, 5)
(2128, 6)
(2129, 6)
(2130, 6)
(2131, 6)
(2132, 6)
(2133, 6)
(2134, 6)
(2135, 6)
(2136, 6)
(2137, 6)
(2138, 5)
(2139, 6)
(2140, 5)
(2141, 7)
(2142, 5)
(2143, 6)
(2144, 6)
(2145, 6)
(2146, 6)
(2147, 6)
(2148, 6)
(2149, 6)
(2150, 5)
(2151, 5)
(2152, 6)
(2153, 4)
(2154, 5)
(2155, 6)
(2156, 5)
(2157, 6)
(2158, 4)
(2159, 5)
(2160, 6)
(2161, 6)
(2162, 6)
(2163, 6)
(2164, 6)
(2165, 5)
(2166, 6)
(2167, 6)
(2168, 6)
(2168, 5)
(2169, 5)
(2170, 6)
(2171, 6)
(2172, 6)
(2173, 6)
(2174, 6)
(2175, 5)
(2176, 5)
(2177, 6)
(2178, 6)
(2179, 6)
(2180, 5)
(2181, 5)
(2182, 5)
(2183, 5)
(2184, 5)
(2185, 6)
(2186, 7)
(2187, 6)
(2188, 5)
(2189, 5)
(2190, 6)
(2191, 5)
(2192, 5)
(2193, 5)
(2194, 6)
(2195, 5)
(2196, 5)
(2196, 5)
(2197, 6)
(2198, 5)
(2199, 5)
(2200, 6)
(2201, 5)
(2202, 5)
(2203, 6)
(2204, 7)
(2205, 5)
(2206, 6)
(2207, 5)
(2208, 6)
(2209, 7)
(2210, 6)
(2211, 6)
(2212, 6)
(2213, 6)
(2214, 6)
(2215, 6)
(2216, 6)
(2216, 5)
(2217, 4)
(2218, 5)
(2219, 5)
(2220, 5)
(2221, 6)
(2222, 6)
(2223, 6)
(2224, 6)
(2225, 6)
(2226, 6)
(2227, 7)
(2228, 6)
(2229, 5)
(2230, 5)
(2231, 6)
(2232, 6)
(2233, 6)
(2234, 6)
(2235, 6)
(2236, 7)
(2237, 7)
(2238, 6)
(2239, 6)
(2240, 5)
(2241, 5)
(2242, 7)
(2243, 5)
(2244, 6)
(2245, 7)
(2246, 6)
(2247, 5)
(2248, 5)
(2249, 6)
(2250, 7)
(2251, 7)
(2252, 6)
(2253, 6)
(2254, 7)
(2255, 6)
(2256, 7)
(2257, 6)
(2258, 6)
(2259, 5)
(2260, 5)
(2261, 5)
(2262, 5)
(2263, 5)
(2264, 5)
(2265, 5)
(2266, 6)
(2267, 5)
(2268, 5)
(2269, 4)
(2270, 5)
(2271, 5)
(2272, 5)
(2273, 6)
(2274, 6)
(2275, 6)
(2276, 5)
(2277, 6)
(2278, 7)
(2278, 4)
(2279, 5)
(2280, 5)
(2281, 6)
(2282, 6)
(2283, 5)
(2284, 5)
(2285, 5)
(2286, 4)
(2287, 6)
(2288, 5)
(2289, 5)
(2290, 5)
(2291, 5)
(2292, 6)
(2293, 5)
(2294, 6)
(2295, 6)
(2296, 5)
(2297, 7)
(2298, 5)
(2299, 6)
(2300, 6)
(2300, 2)
(2301, 4)
(2302, 5)
(2303, 5)
(2304, 6)
(2305, 6)
(2306, 6)
(2307, 6)
(2308, 6)
(2309, 5)
(2310, 6)
(2311, 6)
(2312, 6)
(2313, 6)
(2314, 6)
(2315, 6)
(2316, 6)
(2317, 6)
(2318, 6)
(2319, 6)
(2320, 6)
(2321, 6)
(2322, 6)
(2323, 5)
(2324, 6)
(2325, 6)
(2326, 5)
(2327, 6)
(2328, 7)
(2329, 5)
(2330, 6)
(2331, 6)
(2332, 6)
(2333, 6)
(2334, 6)
(2335, 6)
(2336, 5)
(2337, 5)
(2338, 5)
(2339, 5)
(2340, 6)
(2341, 7)
(2342, 5)
(2343, 5)
(2344, 5)
(2345, 4)
(2346, 5)
(2347, 6)
(2348, 6)
(2349, 6)
(2350, 6)
(2351, 7)
(2352, 6)
(2353, 6)
(2354, 6)
(2355, 7)
(2356, 6)
(2357, 5)
(2358, 6)
(2359, 6)
(2360, 6)
(2361, 7)
(2362, 7)
(2363, 7)
(2364, 6)
(2365, 5)
(2366, 6)
(2367, 5)
(2368, 5)
(2369, 6)
(2370, 7)
(2371, 6)
(2372, 7)
(2373, 5)
(2374, 6)
(2375, 5)
(2376, 6)
(2377, 5)
(2378, 6)
(2379, 5)
(2380, 6)
(2381, 5)
(2382, 6)
(2383, 6)
(2384, 5)
(2385, 5)
(2386, 6)
(2387, 5)
(2388, 5)
(2389, 6)
(2390, 6)
(2391, 5)
(2392, 6)
(2393, 6)
(2394, 6)
(2395, 5)
(2396, 6)
(2397, 6)
(2398, 5)
(2399, 6)
(2400, 5)
(2401, 6)
(2402, 6)
(2403, 6)
(2404, 6)
(2405, 6)
(2406, 5)
(2407, 6)
(2408, 6)
(2409, 6)
(2410, 6)
(2411, 5)
(2412, 6)
(2413, 7)
(2414, 7)
(2415, 6)
(2416, 6)
(2417, 7)
(2418, 6)
(2418, 4)
(2419, 4)
(2420, 6)
(2421, 5)
(2422, 5)
(2423, 5)
(2424, 5)
(2425, 6)
(2426, 6)
(2427, 6)
(2428, 6)
(2429, 7)
(2430, 7)
(2431, 7)
(2432, 5)
(2433, 6)
(2434, 6)
(2435, 6)
(2436, 6)
(2437, 6)
(2438, 6)
(2439, 6)
(2440, 6)
(2441, 5)
(2442, 6)
(2443, 7)
(2444, 6)
(2445, 7)
(2446, 5)
(2447, 5)
(2448, 5)
(2449, 6)
(2450, 6)
(2451, 6)
(2452, 5)
(2453, 5)
(2454, 6)
(2455, 6)
(2456, 6)
(2457, 5)
(2458, 6)
(2459, 7)
(2460, 6)
(2461, 6)
(2462, 5)
(2463, 6)
(2464, 6)
(2465, 6)
(2466, 6)
(2467, 7)
(2468, 6)
(2469, 5)
(2470, 5)
(2471, 5)
(2472, 5)
(2473, 6)
(2474, 6)
(2475, 5)
(2476, 5)
(2477, 6)
(2478, 6)
(2479, 5)
(2480, 6)
(2481, 6)
(2482, 6)
(2483, 6)
(2484, 6)
(2485, 6)
(2486, 6)
(2487, 6)
(2488, 6)
(2489, 5)
(2490, 6)
(2491, 5)
(2492, 6)
(2493, 6)
(2494, 6)
(2495, 6)
(2496, 5)
(2497, 5)
(2498, 5)
(2499, 5)
(2500, 5)
(2501, 5)
(2502, 5)
(2503, 6)
(2504, 5)
(2505, 6)
(2506, 5)
(2507, 5)
(2508, 5)
(2509, 6)
(2510, 6)
(2511, 6)
(2512, 6)
(2513, 7)
(2514, 6)
(2515, 5)
(2516, 5)
(2517, 5)
(2518, 5)
(2519, 5)
(2520, 5)
(2521, 5)
(2522, 6)
(2522, 4)
(2523, 5)
(2524, 5)
(2525, 6)
(2526, 5)
(2527, 6)
(2528, 6)
(2529, 6)
(2530, 6)
(2531, 6)
(2532, 6)
(2533, 5)
(2534, 6)
(2535, 6)
(2536, 6)
(2537, 7)
(2538, 7)
(2539, 6)
(2540, 6)
(2541, 6)
(2542, 5)
(2543, 7)
(2544, 6)
(2545, 6)
(2546, 7)
(2546, 4)
(2547, 4)
(2548, 5)
(2549, 5)
(2550, 5)
(2551, 5)
(2552, 4)
(2553, 5)
(2554, 5)
(2555, 6)
(2556, 6)
(2557, 6)
(2558, 5)
(2559, 6)
(2560, 5)
(2561, 5)
(2562, 5)
(2563, 6)
(2564, 5)
(2565, 6)
(2566, 6)
(2567, 5)
(2568, 5)
(2569, 6)
(2570, 6)
(2571, 6)
(2572, 5)
(2573, 5)
(2574, 6)
(2575, 6)
(2576, 6)
(2577, 6)
(2578, 7)
(2579, 6)
(2580, 7)
(2581, 6)
(2582, 7)
(2583, 6)
(2584, 7)
(2585, 6)
(2586, 6)
(2587, 5)
(2588, 7)
(2589, 5)
(2590, 6)
(2591, 6)
(2592, 7)
(2593, 6)
(2594, 5)
(2595, 5)
(2596, 5)
(2597, 5)
(2598, 5)
(2599, 7)
(2600, 5)
(2601, 6)
(2602, 7)
(2603, 5)
(2604, 6)
(2605, 7)
(2606, 6)
(2607, 6)
(2608, 5)
(2609, 5)
(2610, 6)
(2611, 7)
(2612, 5)
(2613, 6)
(2614, 6)
(2615, 6)
(2616, 6)
(2617, 6)
(2618, 7)
(2618, 5)
(2619, 5)
(2620, 5)
(2621, 6)
(2622, 6)
(2623, 6)
(2624, 5)
(2625, 5)
(2626, 5)
(2627, 6)
(2628, 6)
(2629, 6)
(2630, 6)
(2631, 5)
(2632, 6)
(2633, 7)
(2633, 4)
(2634, 6)
(2635, 5)
(2636, 6)
(2637, 6)
(2638, 6)
(2639, 6)
(2640, 7)
(2641, 6)
(2642, 7)
(2643, 6)
(2644, 6)
(2645, 6)
(2646, 7)
(2647, 6)
(2648, 5)
(2649, 7)
(2650, 7)
(2651, 6)
(2652, 6)
(2653, 7)
(2654, 5)
(2655, 6)
(2656, 6)
(2657, 6)
(2658, 7)
(2659, 6)
(2660, 6)
(2661, 7)
(2662, 6)
(2663, 6)
(2664, 5)
(2665, 5)
(2666, 5)
(2667, 5)
(2668, 5)
(2669, 5)
(2670, 5)
(2671, 6)
(2672, 6)
(2673, 6)
(2674, 7)
(2675, 5)
(2676, 6)
(2677, 6)
(2678, 6)
(2679, 4)
(2680, 6)
(2681, 5)
(2682, 5)
(2683, 5)
(2684, 5)
(2685, 4)
(2686, 5)
(2687, 6)
(2688, 5)
(2689, 7)
(2690, 6)
(2691, 5)
(2692, 5)
(2693, 6)
(2694, 7)
(2695, 8)
(2696, 6)
(2697, 7)
(2698, 7)
(2699, 6)
(2700, 6)
(2701, 6)
(2702, 5)
(2703, 6)
(2703, 5)
(2704, 5)
(2705, 5)
(2706, 5)
(2707, 5)
(2708, 5)
(2709, 5)
(2710, 6)
(2711, 6)
(2712, 6)
(2713, 6)
(2714, 5)
(2714, 6)
(2715, 7)
(2716, 8)
(2717, 6)
(2718, 6)
(2719, 5)
(2720, 5)
(2721, 6)
(2722, 6)
(2723, 6)
(2724, 7)
(2725, 6)
(2726, 5)
(2727, 6)
(2728, 6)
(2729, 6)
(2730, 6)
(2731, 5)
(2732, 7)
(2733, 6)
(2734, 6)
(2735, 6)
(2736, 5)
(2737, 5)
(2738, 5)
(2739, 6)
(2740, 6)
(2741, 5)
(2742, 6)
(2743, 6)
(2744, 6)
(2745, 4)
(2746, 5)
(2747, 5)
(2748, 5)
(2749, 6)
(2750, 7)
(2751, 7)
(2752, 5)
(2753, 7)
(2754, 6)
(2755, 6)
(2756, 7)
(2757, 7)
(2758, 7)
(2759, 7)
(2760, 6)
(2761, 6)
(2762, 5)
(2763, 7)
(2764, 6)
(2765, 6)
(2766, 6)
(2767, 6)
(2768, 6)
(2769, 6)
(2770, 6)
(2771, 7)
(2772, 7)
(2773, 7)
(2774, 6)
(2775, 6)
(2776, 6)
(2777, 5)
(2778, 7)
(2779, 6)
(2780, 7)
(2781, 6)
(2782, 6)
(2783, 6)
(2784, 5)
(2785, 5)
(2786, 6)
(2787, 7)
(2788, 5)
(2789, 6)
(2790, 5)
(2791, 4)
(2792, 5)
(2793, 6)
(2794, 6)
(2795, 7)
(2796, 7)
(2797, 7)
(2798, 6)
(2799, 6)
(2800, 7)
(2801, 6)
(2802, 7)
(2803, 6)
(2804, 6)
(2805, 5)
(2806, 6)
(2807, 6)
(2808, 6)
(2809, 5)
(2810, 6)
(2811, 5)
(2812, 5)
(2813, 6)
(2814, 5)
(2815, 6)
(2816, 4)
(2817, 6)
(2818, 6)
(2819, 6)
(2820, 6)
(2821, 6)
(2822, 5)
(2823, 5)
(2824, 6)
(2825, 4)
(2826, 5)
(2827, 5)
(2828, 5)
(2829, 6)
(2830, 5)
(2831, 6)
(2832, 5)
(2833, 6)
(2834, 6)
(2835, 6)
(2836, 7)
(2837, 7)
(2838, 6)
(2839, 7)
(2840, 5)
(2841, 7)
(2842, 6)
(2843, 6)
(2844, 4)
(2845, 6)
(2846, 6)
(2847, 6)
(2848, 6)
(2849, 6)
(2850, 5)
(2851, 7)
(2852, 5)
(2853, 6)
(2854, 6)
(2855, 7)
(2856, 6)
(2857, 7)
(2857, 5)
(2858, 5)
(2859, 5)
(2860, 5)
(2861, 6)
(2862, 6)
(2863, 6)
(2864, 6)
(2865, 6)
(2866, 5)
(2867, 6)
(2868, 5)
(2869, 6)
(2870, 6)
(2871, 5)
(2872, 5)
(2873, 5)
(2874, 6)
(2875, 7)
(2876, 7)
(2877, 7)
(2878, 7)
(2879, 6)
(2880, 6)
(2881, 7)
(2881, 4)
(2882, 6)
(2883, 6)
(2884, 7)
(2885, 6)
(2886, 6)
(2887, 5)
(2888, 6)
(2889, 5)
(2890, 5)
(2891, 5)
(2892, 5)
(2893, 5)
(2894, 6)
(2895, 6)
(2896, 4)
(2897, 6)
(2898, 6)
(2899, 6)
(2900, 6)
(2901, 5)
(2902, 6)
(2903, 5)
(2904, 7)
(2905, 6)
(2906, 6)
(2907, 6)
(2908, 6)
(2909, 5)
(2910, 6)
(2911, 7)
(2912, 5)
(2913, 6)
(2#G.A. 1.1.0B GRAPH STARTED Time: 16:09:56 Date: 01/18/20 FitStatPerTick.txt##G.A. 1.1.0B GRAPH STARTED Time: 16:12:55 Date: 01/18/20 FitStatPerTick.txt##G.A. 1.1.0B GRAPH STARTED Time: 16:14:11 Date: 01/18/20 FitStatPerTick.txt##G.A. 1.1.0B GRAPH STARTED Time: 16:15:58 Date: 01/18/20 FitStatPerTick.txt##G.A. 1.1.0B GRAPH STARTED Time: 16:19:40 Date: 01/18/20 FitStatPerTick.txt##G.A. 1.1.0B GRAPH STARTED Time: 16:20:43 Date: 01/18/20 FitStatPerTick.txt##G.A. 1.1.0B GRAPH STARTED Time: 16:21:11 Date: 01/18/20 FitStatPerTick.txt##G.A. 1.1.0B GRAPH STARTED Time: 16:21:57 Date: 01/18/20 FitStatPerTick.txt##G.A. 1.1.0B GRAPH STARTED Time: 16:22:21 Date: 01/18/20 FitStatPerTick.txt##G.A. 1.1.0B GRAPH STARTED Time: 16:22:39 Date: 01/18/20 FitStatPerTick.txt##G.A. 1.1.0B GRAPH STARTED Time: 16:28:54 Date: 01/18/20 FitStatPerTick.txt##G.A. 1.1.0B GRAPH STARTED Time: 16:29:51 Date: 01/18/20 FitStatPerTick.txt##G.A. 1.1.0B GRAPH STARTED Time: 16:30:29 Date: 01/18/20 FitStatPerTick.txt##G.A. 1.1.0B GRAPH STARTED Time: 16:31:00 Date: 01/18/20 FitStatPerTick.txt##G.A. 1.1.0B GRAPH STARTED Time: 16:31:50 Date: 01/18/20 FitStatPerTick.txt##G.A. 1.1.0B GRAPH STARTED Time: 16:33:41 Date: 01/18/20 FitStatPerTick.txt##G.A. 1.1.0B GRAPH STARTED Time: 16:34:40 Date: 01/18/20 FitStatPerTick.txt##G.A. 1.1.0B GRAPH STARTED Time: 16:35:47 Date: 01/18/20 FitStatPerTick.txt##G.A. 1.1.0B GRAPH STARTED Time: 16:39:13 Date: 01/18/20 FitStatPerTick.txt##G.A. 1.1.0B GRAPH STARTED Time: 16:40:02 Date: 01/18/20 FitStatPerTick.txt##G.A. 1.1.0B GRAPH STARTED Time: 16:50:16 Date: 01/18/20 FitStatPerTick.txt##G.A. 1.1.0B GRAPH STARTED Time: 16:51:06 Date: 01/18/20 FitStatPerTick.txt##G.A. 1.1.0B GRAPH STARTED Time: 16:51:09 Date: 01/18/20 FitStatPerTick.txt##G.A. 1.1.0B GRAPH STARTED Time: 16:51:11 Date: 01/18/20 FitStatPerTick.txt##G.A. 1.1.0B GRAPH STARTED Time: 16:51:13 Date: 01/18/20 FitStatPerTick.txt##G.A. 1.1.0B GRAPH STARTED Time: 16:51:15 Date: 01/18/20 FitStatPerTick.txt##G.A. 1.1.0B GRAPH STARTED Time: 17:04:06 Date: 01/18/20 FitStatPerTick.txt##G.A. 1.1.0B GRAPH STARTED Time: 17:04:24 Date: 01/18/20 FitStatPerTick.txt##G.A. 1.1.0B GRAPH STARTED Time: 17:06:56 Date: 01/18/20 FitStatPerTick.txt##G.A. 1.1.0B GRAPH STARTED Time: 17:14:43 Date: 01/18/20 FitStatPerTick.txt##G.A. 1.1.0B GRAPH STARTED Time: 17:14:45 Date: 01/18/20 FitStatPerTick.txt##G.A. 1.1.0B GRAPH STARTED Time: 17:14:47 Date: 01/18/20 FitStatPerTick.txt##G.A. 1.1.0B GRAPH STARTED Time: 17:14:49 Date: 01/18/20 FitStatPerTick.txt##G.A. 1.1.0B GRAPH STARTED Time: 17:20:18 Date: 01/18/20 FitStatPerTick.txt##G.A. 1.1.0B GRAPH STARTED Time: 17:20:23 Date: 01/18/20 FitStatPerTick.txt##G.A. 1.1.0B GRAPH STARTED Time: 17:20:25 Date: 01/18/20 FitStatPerTick.txt##G.A. 1.1.0B GRAPH STARTED Time: 17:20:26 Date: 01/18/20 FitStatPerTick.txt##G.A. 1.1.0B GRAPH STARTED Time: 17:20:27 Date: 01/18/20 FitStatPerTick.txt##G.A. 1.1.0B GRAPH STARTED Time: 17:20:29 Date: 01/18/20 FitStatPerTick.txt##G.A. 1.1.0B GRAPH STARTED Time: 17:20:31 Date: 01/18/20 FitStatPerTick.txt##G.A. 1.1.0B GRAPH STARTED Time: 17:20:34 Date: 01/18/20 FitStatPerTick.txt##G.A. 1.1.0B GRAPH STARTED Time: 17:20:35 Date: 01/18/20 FitStatPerTick.txt##G.A. 1.1.0B GRAPH STARTED Time: 17:20:38 Date: 01/18/20 FitStatPerTick.txt##G.A. 1.1.0B GRAPH STARTED Time: 17:20:40 Date: 01/18/20 FitStatPerTick.txt##G.A. 1.1.0B GRAPH STARTED Time: 17:20:43 Date: 01/18/20 FitStatPerTick.txt##G.A. 1.1.0B GRAPH STARTED Time: 17:20:44 Date: 01/18/20 FitStatPerTick.txt##G.A. 1.1.0B GRAPH STARTED Time: 17:20:46 Date: 01/18/20 FitStatPerTick.txt##G.A. 1.1.0B GRAPH STARTED Time: 17:20:49 Date: 01/18/20 FitStatPerTick.txt##G.A. 1.1.0B GRAPH STARTED Time: 17:20:51 Date: 01/18/20 FitStatPerTick.txt##G.A. 1.1.0B GRAPH STARTED Time: 17:20:52 Date: 01/18/20 FitStatPerTick.txt##G.A. 1.1.0B GRAPH STARTED Time: 17:20:54 Date: 01/18/20 FitStatPerTick.txt##G.A. 1.1.0B GRAPH STARTED Time: 17:20:56 Date: 01/18/20 FitStatPerTick.txt##G.A. 1.1.0B GRAPH STARTED Time: 17:20:58 Date: 01/18/20 FitStatPerTick.txt##G.A. 1.1.0B GRAPH STARTED Time: 17:20:59 Date: 01/18/20 FitStatPerTick.txt##G.A. 1.1.0B GRAPH STARTED Time: 17:21:07 Date: 01/18/20 FitStatPerTick.txt##G.A. 1.1.0B GRAPH STARTED Time: 17:23:20 Date: 01/18/20 FitStatPerTick.txt##G.A. 1.1.0B GRAPH STARTED Time: 17:24:06 Date: 01/18/20 FitStatPerTick.txt##G.A. 1.1.0B GRAPH STARTED Time: 17:24:50 Date: 01/18/20 FitStatPerTick.txt##G.A. 1.1.0B GRAPH STARTED Time: 17:24:56 Date: 01/18/20 FitStatPerTick.txt##G.A. 1.1.0B GRAPH STARTED Time: 17:24:58 Date: 01/18/20 FitStatPerTick.txt##G.A. 1.1.0B GRAPH STARTED Time: 17:25:03 Date: 01/18/20 FitStatPerTick.txt##G.A. 1.1.0B GRAPH STARTED Time: 17:25:04 Date: 01/18/20 FitStatPerTick.txt##G.A. 1.1.0B GRAPH STARTED Time: 17:26:01 Date: 01/18/20 FitStatPerTick.txt##G.A. 1.1.0B GRAPH STARTED Time: 17:26:04 Date: 01/18/20 FitStatPerTick.txt##G.A. 1.1.0B GRAPH STARTED Time: 17:26:06 Date: 01/18/20 FitStatPerTick.txt##G.A. 1.1.0B GRAPH STARTED Time: 17:26:59 Date: 01/18/20 FitStatPerTick.txt##G.A. 1.1.0B GRAPH STARTED Time: 17:27:03 Date: 01/18/20 FitStatPerTick.txt##G.A. 1.1.0B GRAPH STARTED Time: 17:27:06 Date: 01/18/20 FitStatPerTick.txt##G.A. 1.1.0B GRAPH STARTED Time: 17:27:08 Date: 01/18/20 FitStatPerTick.txt##G.A. 1.1.0B GRAPH STARTED Time: 17:31:08 Date: 01/18/20 FitStatPerTick.txt##G.A. 1.1.0B GRAPH STARTED Time: 17:31:14 Date: 01/18/20 FitStatPerTick.txt##G.A. 1.1.0B GRAPH STARTED Time: 17:31:17 Date: 01/18/20 FitStatPerTick.txt##G.A. 1.1.0B GRAPH STARTED Time: 17:31:19 Date: 01/18/20 FitStatPerTick.txt##G.A. 1.1.0B GRAPH STARTED Time: 17:31:21 Date: 01/18/20 FitStatPerTick.txt##G.A. 1.1.0B GRAPH STARTED Time: 17:31:23 Date: 01/18/20 FitStatPerTick.txt##G.A. 1.1.0B GRAPH STARTED Time: 17:31:25 Date: 01/18/20 FitStatPerTick.txt##G.A. 1.1.0B GRAPH STARTED Time: 17:31:27 Date: 01/18/20 FitStatPerTick.txt##G.A. 1.1.0B GRAPH STARTED Time: 17:31:28 Date: 01/18/20 FitStatPerTick.txt#